Operator<Heat Run>
Date<27.09.2022>
Start_Time<19:38:41>
TUT_Number<1LPL22000143819>
Data	Godzina	T.Oleju	T.Otocz.1	T.Otocz.2	T.Otocz.3	T.Otocz.4	Œred.T.Otocz.	Przyrost	Ciœnienie	Ró¿nica przyrostu na godz.
27.09.2022	19:38:41	24,5	24,7	24,4	24,4	24,8	24,6	-0,1	-0,8	0,0
27.09.2022	19:40:41	24,5	24,7	24,4	24,4	24,8	24,6	-0,1	-0,8	0,0
27.09.2022	19:42:41	24,4	24,7	24,4	24,4	24,8	24,6	-0,1	-0,7	0,0
27.09.2022	19:44:41	24,5	24,7	24,4	24,4	24,8	24,6	-0,1	-0,7	0,0
27.09.2022	19:46:41	24,5	24,7	24,4	24,4	24,8	24,6	-0,1	-0,6	0,0
27.09.2022	19:48:41	24,6	24,8	24,4	24,4	24,8	24,6	-0,0	-0,6	0,0
27.09.2022	19:50:41	24,7	24,8	24,4	24,4	24,8	24,6	0,1	-0,6	0,0
27.09.2022	19:52:41	24,8	24,8	24,4	24,4	24,7	24,6	0,2	-0,5	0,0
27.09.2022	19:54:41	24,7	24,7	24,4	24,4	24,8	24,6	0,2	-0,4	0,0
27.09.2022	19:56:41	24,8	24,7	24,4	24,4	24,8	24,6	0,3	-0,4	0,0
27.09.2022	19:58:41	24,9	24,8	24,4	24,4	24,7	24,6	0,3	-0,3	0,0
27.09.2022	20:00:41	25,0	24,8	24,4	24,4	24,7	24,6	0,5	-0,2	0,0
27.09.2022	20:02:41	25,2	24,8	24,4	24,4	24,8	24,6	0,6	-0,1	0,0
27.09.2022	20:04:41	25,4	24,8	24,4	24,4	24,7	24,6	0,8	-0,1	0,0
27.09.2022	20:06:41	25,7	24,8	24,4	24,4	24,8	24,6	1,1	0,0	0,0
27.09.2022	20:08:41	25,9	24,8	24,4	24,4	24,8	24,6	1,3	0,1	0,0
27.09.2022	20:10:41	25,9	24,8	24,4	24,4	24,7	24,6	1,3	0,2	0,0
27.09.2022	20:12:41	26,0	24,8	24,4	24,4	24,8	24,6	1,5	0,3	0,0
27.09.2022	20:14:41	26,2	24,8	24,4	24,4	24,8	24,6	1,6	0,3	0,0
27.09.2022	20:16:41	26,4	24,8	24,4	24,4	24,8	24,6	1,8	0,4	0,0
27.09.2022	20:18:41	26,6	24,8	24,4	24,4	24,7	24,6	2,1	0,5	0,0
27.09.2022	20:20:41	26,8	24,8	24,4	24,5	24,7	24,6	2,3	0,6	0,0
27.09.2022	20:22:41	27,1	24,8	24,4	24,5	24,8	24,6	2,5	0,7	0,0
27.09.2022	20:24:41	27,3	24,8	24,4	24,5	24,7	24,6	2,7	0,8	0,0
27.09.2022	20:26:41	27,5	24,8	24,4	24,5	24,8	24,6	2,9	0,8	0,0
27.09.2022	20:28:41	27,7	24,8	24,4	24,4	24,7	24,6	3,1	0,9	0,0
27.09.2022	20:30:41	27,9	24,8	24,4	24,5	24,7	24,6	3,3	1,0	0,0
27.09.2022	20:32:41	28,1	24,8	24,4	24,5	24,7	24,6	3,5	1,1	0,0
27.09.2022	20:34:41	28,3	24,8	24,4	24,5	24,7	24,6	3,7	1,2	0,0
27.09.2022	20:36:41	28,5	24,8	24,4	24,5	24,8	24,6	3,9	1,2	0,0
27.09.2022	20:38:41	28,7	24,8	24,4	24,5	24,7	24,6	4,1	1,3	4,3
27.09.2022	20:40:41	29,0	24,8	24,4	24,5	24,7	24,6	4,4	1,4	4,5
27.09.2022	20:42:41	29,2	24,8	24,4	24,5	24,8	24,6	4,6	1,5	4,7
27.09.2022	20:44:41	29,4	24,8	24,4	24,5	24,7	24,6	4,8	1,5	4,9
27.09.2022	20:46:41	29,6	24,8	24,4	24,5	24,7	24,6	5,0	1,5	5,1
27.09.2022	20:48:41	29,8	24,8	24,4	24,5	24,8	24,6	5,2	1,6	5,2
27.09.2022	20:50:41	30,0	24,8	24,4	24,5	24,8	24,6	5,4	1,6	5,3
27.09.2022	20:52:41	30,2	24,8	24,4	24,5	24,8	24,6	5,6	1,6	5,4
27.09.2022	20:54:41	30,4	24,8	24,4	24,5	24,7	24,6	5,8	1,6	5,6
27.09.2022	20:56:41	30,6	24,8	24,4	24,5	24,7	24,6	6,0	1,6	5,7
27.09.2022	20:58:41	30,8	24,8	24,4	24,5	24,7	24,6	6,2	1,6	5,8
27.09.2022	21:00:41	31,0	24,8	24,4	24,5	24,8	24,6	6,4	1,6	5,9
27.09.2022	21:02:41	31,2	24,8	24,4	24,5	24,8	24,6	6,6	1,6	6,0
27.09.2022	21:04:41	31,4	24,8	24,4	24,5	24,8	24,6	6,8	1,6	6,0
27.09.2022	21:06:41	31,6	24,8	24,4	24,5	24,8	24,6	6,9	1,6	5,9
27.09.2022	21:08:41	31,7	24,8	24,4	24,5	24,8	24,6	7,1	1,6	5,9
27.09.2022	21:10:41	31,9	24,8	24,4	24,5	24,8	24,6	7,3	1,6	6,0
27.09.2022	21:12:41	32,1	24,8	24,4	24,5	24,8	24,6	7,5	1,6	6,0
27.09.2022	21:14:41	32,3	24,8	24,4	24,5	24,8	24,6	7,7	1,6	6,1
27.09.2022	21:16:41	32,5	24,8	24,4	24,5	24,8	24,6	7,9	1,6	6,0
27.09.2022	21:18:41	32,7	24,8	24,4	24,5	24,8	24,6	8,0	1,6	6,0
27.09.2022	21:20:41	32,9	24,8	24,4	24,5	24,8	24,6	8,2	1,5	6,0
27.09.2022	21:22:41	33,0	24,8	24,4	24,5	24,8	24,6	8,4	1,5	5,9
27.09.2022	21:24:41	33,2	24,8	24,4	24,5	24,8	24,6	8,6	1,5	5,9
27.09.2022	21:26:41	33,4	24,8	24,4	24,5	24,8	24,6	8,8	1,5	5,9
27.09.2022	21:28:41	33,6	24,8	24,4	24,5	24,8	24,6	8,9	1,5	5,8
27.09.2022	21:30:41	33,7	24,8	24,4	24,5	24,8	24,6	9,1	1,5	5,8
27.09.2022	21:32:41	33,9	24,9	24,4	24,5	24,8	24,6	9,3	1,5	5,7
27.09.2022	21:34:41	34,1	24,9	24,4	24,5	24,8	24,6	9,4	1,5	5,7
27.09.2022	21:36:41	34,2	24,9	24,4	24,5	24,8	24,7	9,6	1,5	5,7
27.09.2022	21:38:41	34,4	24,9	24,4	24,5	24,8	24,7	9,8	1,5	5,6
27.09.2022	21:40:41	34,6	24,9	24,4	24,5	24,8	24,7	9,9	1,4	5,6
27.09.2022	21:42:41	34,7	24,9	24,4	24,5	24,8	24,7	10,1	1,4	5,5
27.09.2022	21:44:41	34,9	24,9	24,4	24,5	24,8	24,7	10,2	1,4	5,5
27.09.2022	21:46:41	35,1	24,9	24,4	24,5	24,8	24,7	10,4	1,4	5,4
27.09.2022	21:48:41	35,2	24,9	24,4	24,5	24,8	24,7	10,6	1,4	5,4
27.09.2022	21:50:41	35,4	24,9	24,4	24,5	24,8	24,7	10,7	1,4	5,3
27.09.2022	21:52:41	35,6	24,9	24,4	24,5	24,8	24,7	10,9	1,4	5,3
27.09.2022	21:54:41	35,7	24,9	24,4	24,5	24,8	24,7	11,1	1,4	5,3
27.09.2022	21:56:41	35,9	24,9	24,4	24,5	24,8	24,7	11,2	1,4	5,2
27.09.2022	21:58:41	36,0	24,9	24,5	24,5	24,8	24,7	11,4	1,3	5,2
27.09.2022	22:00:41	36,2	24,9	24,5	24,6	24,8	24,7	11,5	1,3	5,1
27.09.2022	22:02:41	36,4	24,9	24,5	24,6	24,8	24,7	11,7	1,3	5,1
27.09.2022	22:04:41	36,5	24,9	24,5	24,5	24,8	24,7	11,8	1,3	5,1
27.09.2022	22:06:41	36,7	24,9	24,5	24,6	24,8	24,7	12,0	1,3	5,0
27.09.2022	22:08:41	36,8	24,9	24,5	24,6	24,8	24,7	12,1	1,3	5,0
27.09.2022	22:10:41	37,0	24,9	24,5	24,6	24,9	24,7	12,3	1,3	4,9
27.09.2022	22:12:41	37,1	24,9	24,5	24,6	24,9	24,7	12,4	1,2	4,9
27.09.2022	22:14:41	37,3	24,9	24,5	24,6	24,9	24,7	12,6	1,2	4,9
27.09.2022	22:16:41	37,4	24,9	24,5	24,6	24,9	24,7	12,7	1,2	4,8
27.09.2022	22:18:41	37,6	24,9	24,5	24,6	24,9	24,7	12,8	1,2	4,8
27.09.2022	22:20:41	37,7	24,9	24,5	24,6	24,9	24,7	13,0	1,2	4,8
27.09.2022	22:22:41	37,9	25,0	24,5	24,6	24,9	24,7	13,1	1,1	4,7
27.09.2022	22:24:41	38,0	25,0	24,5	24,6	24,9	24,7	13,3	1,1	4,7
27.09.2022	22:26:41	38,1	25,0	24,5	24,6	24,9	24,7	13,4	1,1	4,6
27.09.2022	22:28:41	38,3	25,0	24,5	24,6	24,9	24,7	13,5	1,1	4,6
27.09.2022	22:30:41	38,4	25,0	24,5	24,6	24,9	24,7	13,7	1,1	4,6
27.09.2022	22:32:41	38,6	25,0	24,5	24,6	24,9	24,8	13,8	1,1	4,5
27.09.2022	22:34:41	38,7	25,0	24,6	24,6	24,9	24,8	14,0	1,1	4,5
27.09.2022	22:36:41	38,8	25,0	24,6	24,6	24,9	24,8	14,1	1,1	4,5
27.09.2022	22:38:41	39,0	25,0	24,6	24,6	24,9	24,8	14,2	1,1	4,5
27.09.2022	22:40:41	39,1	25,0	24,6	24,6	24,9	24,8	14,4	1,0	4,4
27.09.2022	22:42:41	39,3	25,0	24,6	24,6	24,9	24,8	14,5	1,0	4,4
27.09.2022	22:44:41	39,4	25,0	24,6	24,6	24,9	24,8	14,6	1,0	4,4
27.09.2022	22:46:41	39,5	25,0	24,6	24,6	24,9	24,8	14,7	1,0	4,3
27.09.2022	22:48:41	39,7	25,0	24,6	24,6	24,9	24,8	14,9	1,0	4,3
27.09.2022	22:50:41	39,8	25,0	24,6	24,6	24,9	24,8	15,0	1,0	4,3
27.09.2022	22:52:41	39,9	25,0	24,6	24,6	24,9	24,8	15,1	1,0	4,2
27.09.2022	22:54:41	40,1	25,0	24,6	24,6	24,9	24,8	15,3	1,0	4,2
27.09.2022	22:56:41	40,2	25,0	24,6	24,6	24,9	24,8	15,4	1,0	4,2
27.09.2022	22:58:41	40,3	25,0	24,6	24,6	24,9	24,8	15,5	1,0	4,2
27.09.2022	23:00:41	40,4	25,0	24,6	24,7	24,9	24,8	15,6	1,0	4,1
27.09.2022	23:02:41	40,6	25,0	24,6	24,7	24,9	24,8	15,8	1,0	4,1
27.09.2022	23:04:41	40,7	25,0	24,6	24,6	24,9	24,8	15,9	1,0	4,1
27.09.2022	23:06:41	40,8	25,0	24,6	24,7	24,9	24,8	16,0	1,0	4,1
27.09.2022	23:08:41	40,9	25,0	24,6	24,6	24,9	24,8	16,1	1,0	4,0
27.09.2022	23:10:41	41,1	25,0	24,6	24,6	24,9	24,8	16,3	1,0	4,0
27.09.2022	23:12:41	41,2	25,0	24,6	24,7	24,9	24,8	16,4	1,0	4,0
27.09.2022	23:14:41	41,3	25,0	24,6	24,7	25,0	24,8	16,5	1,0	3,9
27.09.2022	23:16:41	41,4	25,0	24,6	24,7	24,9	24,8	16,6	1,0	3,9
27.09.2022	23:18:41	41,6	25,0	24,6	24,6	25,0	24,8	16,7	1,1	3,9
27.09.2022	23:20:41	41,7	25,0	24,6	24,7	25,0	24,8	16,9	1,0	3,9
27.09.2022	23:22:41	41,8	25,0	24,6	24,7	24,9	24,8	17,0	1,0	3,8
27.09.2022	23:24:41	41,9	25,0	24,7	24,7	25,0	24,8	17,1	1,0	3,8
27.09.2022	23:26:41	42,0	25,0	24,6	24,7	25,0	24,8	17,2	0,9	3,8
27.09.2022	23:28:41	42,1	25,0	24,7	24,7	25,0	24,8	17,3	0,9	3,8
27.09.2022	23:30:41	42,3	25,0	24,7	24,7	25,0	24,8	17,4	0,9	3,8
27.09.2022	23:32:41	42,4	25,1	24,7	24,7	25,0	24,8	17,6	0,9	3,7
27.09.2022	23:34:41	42,5	25,1	24,7	24,7	25,0	24,8	17,7	0,9	3,7
27.09.2022	23:36:41	42,6	25,0	24,7	24,7	25,0	24,8	17,8	0,9	3,7
27.09.2022	23:38:41	42,7	25,1	24,7	24,7	25,0	24,8	17,9	0,9	3,7
27.09.2022	23:40:41	42,8	25,1	24,7	24,7	25,0	24,8	18,0	0,9	3,6
27.09.2022	23:42:41	43,0	25,1	24,7	24,7	25,0	24,8	18,1	0,9	3,6
27.09.2022	23:44:41	43,1	25,1	24,7	24,7	25,0	24,8	18,2	0,9	3,6
27.09.2022	23:46:41	43,2	25,1	24,7	24,7	25,0	24,8	18,3	1,0	3,6
27.09.2022	23:48:41	43,3	25,1	24,6	24,7	25,0	24,8	18,5	1,0	3,6
27.09.2022	23:50:41	43,4	25,1	24,7	24,7	25,0	24,8	18,6	0,9	3,6
27.09.2022	23:52:41	43,5	25,1	24,6	24,7	25,0	24,8	18,7	0,9	3,5
27.09.2022	23:54:41	43,6	25,1	24,7	24,7	25,0	24,8	18,8	0,9	3,5
27.09.2022	23:56:41	43,7	25,1	24,7	24,7	25,0	24,8	18,9	0,9	3,5
27.09.2022	23:58:41	43,8	25,1	24,6	24,7	25,0	24,8	19,0	0,9	3,5
28.09.2022	00:00:41	43,9	25,1	24,6	24,7	25,0	24,8	19,1	0,9	3,5
28.09.2022	00:02:41	44,1	25,1	24,7	24,7	25,0	24,8	19,2	0,9	3,5
28.09.2022	00:04:41	44,2	25,1	24,6	24,7	25,0	24,8	19,3	0,8	3,4
28.09.2022	00:06:41	44,3	25,1	24,7	24,6	25,0	24,8	19,4	0,8	3,4
28.09.2022	00:08:41	44,4	25,1	24,6	24,7	25,0	24,8	19,5	0,8	3,4
28.09.2022	00:10:41	44,5	25,1	24,6	24,7	25,0	24,8	19,6	0,7	3,4
28.09.2022	00:12:41	44,6	25,1	24,6	24,7	25,0	24,8	19,7	0,7	3,4
28.09.2022	00:14:41	44,7	25,1	24,6	24,7	25,0	24,8	19,8	0,7	3,3
28.09.2022	00:16:41	44,8	25,1	24,7	24,7	25,0	24,8	19,9	0,7	3,3
28.09.2022	00:18:41	44,9	25,1	24,7	24,7	25,0	24,8	20,0	0,7	3,3
28.09.2022	00:20:41	45,0	25,1	24,7	24,7	25,0	24,9	20,1	0,7	3,3
28.09.2022	00:22:41	45,1	25,1	24,7	24,7	25,0	24,8	20,2	0,7	3,3
28.09.2022	00:24:41	45,2	25,1	24,7	24,7	25,0	24,9	20,3	0,7	3,2
28.09.2022	00:26:41	45,3	25,1	24,6	24,7	25,0	24,8	20,4	0,7	3,2
28.09.2022	00:28:41	45,4	25,1	24,7	24,7	25,0	24,9	20,5	0,7	3,2
28.09.2022	00:30:41	45,5	25,1	24,7	24,7	25,0	24,8	20,6	0,7	3,2
28.09.2022	00:32:41	45,6	25,1	24,7	24,7	25,0	24,8	20,7	0,7	3,2
28.09.2022	00:34:41	45,7	25,1	24,7	24,7	25,0	24,9	20,8	0,7	3,2
28.09.2022	00:36:41	45,8	25,1	24,7	24,7	25,0	24,9	20,9	0,7	3,1
28.09.2022	00:38:41	45,9	25,1	24,7	24,7	25,0	24,9	21,0	0,7	3,1
28.09.2022	00:40:41	46,0	25,1	24,7	24,7	25,0	24,9	21,1	0,7	3,1
28.09.2022	00:42:41	46,1	25,1	24,7	24,7	25,0	24,9	21,2	0,7	3,1
28.09.2022	00:44:41	46,2	25,1	24,7	24,7	25,0	24,9	21,3	0,7	3,1
28.09.2022	00:46:41	46,3	25,1	24,7	24,7	25,0	24,9	21,4	0,7	3,1
28.09.2022	00:48:41	46,4	25,1	24,7	24,7	25,0	24,9	21,5	0,6	3,1
28.09.2022	00:50:41	46,5	25,1	24,7	24,7	25,0	24,9	21,6	0,6	3,0
28.09.2022	00:52:41	46,5	25,1	24,7	24,7	25,0	24,9	21,7	0,6	3,0
28.09.2022	00:54:41	46,6	25,1	24,7	24,7	25,0	24,9	21,8	0,6	3,0
28.09.2022	00:56:41	46,7	25,1	24,7	24,7	25,0	24,9	21,9	0,6	3,0
28.09.2022	00:58:41	46,8	25,1	24,7	24,7	25,0	24,9	22,0	0,6	3,0
28.09.2022	01:00:41	46,9	25,1	24,7	24,7	25,0	24,9	22,0	0,6	2,9
28.09.2022	01:02:41	47,0	25,1	24,7	24,7	25,0	24,9	22,1	0,6	2,9
28.09.2022	01:04:41	47,1	25,1	24,7	24,7	25,0	24,9	22,2	0,6	2,9
28.09.2022	01:06:41	47,2	25,1	24,7	24,7	25,0	24,9	22,3	0,6	2,9
28.09.2022	01:08:41	47,3	25,1	24,7	24,7	25,0	24,9	22,4	0,6	2,9
28.09.2022	01:10:41	47,4	25,1	24,7	24,7	25,0	24,9	22,5	0,6	2,9
28.09.2022	01:12:41	47,5	25,1	24,7	24,7	25,0	24,9	22,6	0,6	2,9
28.09.2022	01:14:41	47,6	25,1	24,7	24,7	25,0	24,9	22,7	0,6	2,8
28.09.2022	01:16:41	47,6	25,1	24,7	24,7	25,0	24,9	22,8	0,6	2,8
28.09.2022	01:18:41	47,7	25,1	24,7	24,7	25,0	24,9	22,8	0,6	2,8
28.09.2022	01:20:41	47,8	25,1	24,7	24,7	25,0	24,9	22,9	0,5	2,8
28.09.2022	01:22:41	47,9	25,1	24,7	24,7	25,0	24,9	23,0	0,5	2,8
28.09.2022	01:24:41	48,0	25,1	24,7	24,7	25,0	24,9	23,1	0,5	2,8
28.09.2022	01:26:41	48,1	25,1	24,7	24,7	25,0	24,9	23,2	0,5	2,7
28.09.2022	01:28:41	48,2	25,1	24,7	24,7	25,0	24,9	23,3	0,5	2,7
28.09.2022	01:30:41	48,2	25,1	24,7	24,7	25,0	24,9	23,4	0,5	2,7
28.09.2022	01:32:41	48,3	25,1	24,7	24,7	25,0	24,9	23,4	0,5	2,7
28.09.2022	01:34:41	48,4	25,1	24,7	24,7	25,0	24,9	23,5	0,5	2,7
28.09.2022	01:36:41	48,5	25,1	24,7	24,7	25,0	24,9	23,6	0,5	2,7
28.09.2022	01:38:41	48,6	25,1	24,7	24,7	25,0	24,9	23,7	0,5	2,7
28.09.2022	01:40:41	48,6	25,1	24,7	24,7	25,0	24,9	23,8	0,5	2,7
28.09.2022	01:42:41	48,7	25,1	24,7	24,7	25,0	24,9	23,8	0,5	2,6
28.09.2022	01:44:41	48,8	25,1	24,7	24,7	25,0	24,9	23,9	0,4	2,6
28.09.2022	01:46:41	48,9	25,1	24,7	24,7	25,0	24,9	24,0	0,4	2,6
28.09.2022	01:48:41	49,0	25,1	24,7	24,7	25,0	24,9	24,1	0,4	2,6
28.09.2022	01:50:41	49,1	25,1	24,7	24,7	25,0	24,9	24,2	0,4	2,6
28.09.2022	01:52:41	49,1	25,1	24,7	24,7	25,0	24,9	24,3	0,4	2,6
28.09.2022	01:54:41	49,2	25,1	24,7	24,7	25,0	24,9	24,3	0,4	2,5
28.09.2022	01:56:41	49,3	25,1	24,7	24,7	25,0	24,9	24,4	0,4	2,5
28.09.2022	01:58:41	49,4	25,1	24,7	24,7	25,0	24,9	24,5	0,4	2,5
28.09.2022	02:00:41	49,4	25,1	24,7	24,7	25,0	24,9	24,5	0,3	2,5
28.09.2022	02:02:41	49,5	25,1	24,7	24,7	25,0	24,9	24,6	0,3	2,5
28.09.2022	02:04:41	49,6	25,1	24,7	24,7	25,0	24,9	24,7	0,3	2,5
28.09.2022	02:06:41	49,7	25,1	24,7	24,7	25,0	24,9	24,8	0,3	2,5
28.09.2022	02:08:41	49,8	25,1	24,7	24,6	25,0	24,9	24,9	0,3	2,5
28.09.2022	02:10:41	49,9	25,1	24,7	24,6	25,0	24,9	25,0	0,3	2,5
28.09.2022	02:12:41	49,9	25,1	24,7	24,6	25,0	24,9	25,0	0,3	2,5
28.09.2022	02:14:41	50,0	25,1	24,7	24,6	25,0	24,9	25,1	0,2	2,5
28.09.2022	02:16:41	50,1	25,1	24,7	24,6	25,0	24,8	25,2	0,2	2,5
28.09.2022	02:18:41	50,1	25,1	24,7	24,6	25,0	24,8	25,3	0,2	2,5
28.09.2022	02:20:41	50,2	25,1	24,7	24,6	25,0	24,8	25,4	0,2	2,4
28.09.2022	02:22:41	50,3	25,1	24,7	24,5	25,0	24,8	25,5	0,2	2,4
28.09.2022	02:24:41	50,4	25,0	24,7	24,5	25,0	24,8	25,5	0,2	2,4
28.09.2022	02:26:41	50,4	25,0	24,7	24,5	25,0	24,8	25,6	0,1	2,4
28.09.2022	02:28:41	50,5	25,0	24,7	24,5	25,0	24,8	25,7	0,1	2,4
28.09.2022	02:30:41	50,6	25,0	24,7	24,5	25,0	24,8	25,8	0,1	2,4
28.09.2022	02:32:41	50,6	25,0	24,7	24,5	25,0	24,8	25,8	0,1	2,4
28.09.2022	02:34:41	50,7	25,0	24,7	24,5	25,0	24,8	25,9	0,1	2,4
28.09.2022	02:36:41	50,8	25,0	24,7	24,5	25,0	24,8	26,0	0,0	2,4
28.09.2022	02:38:41	50,8	25,0	24,7	24,5	25,0	24,8	26,1	0,0	2,4
28.09.2022	02:40:41	50,9	25,0	24,7	24,5	25,0	24,8	26,1	0,0	2,4
28.09.2022	02:42:41	51,0	25,0	24,7	24,5	25,0	24,8	26,2	-0,0	2,3
28.09.2022	02:44:41	51,1	25,0	24,7	24,5	25,0	24,8	26,3	-0,0	2,3
28.09.2022	02:46:41	51,1	25,0	24,7	24,5	25,0	24,8	26,3	-0,0	2,3
28.09.2022	02:48:41	51,2	25,0	24,7	24,5	25,0	24,8	26,4	-0,1	2,3
28.09.2022	02:50:41	51,3	25,0	24,7	24,5	25,0	24,8	26,5	-0,1	2,3
28.09.2022	02:52:41	51,3	25,0	24,7	24,5	25,0	24,8	26,5	-0,1	2,3
28.09.2022	02:54:41	51,4	25,0	24,7	24,5	25,0	24,8	26,6	-0,1	2,3
28.09.2022	02:56:41	51,5	25,1	24,7	24,5	25,0	24,8	26,7	-0,1	2,3
28.09.2022	02:58:41	51,5	25,1	24,7	24,5	25,0	24,8	26,7	-0,1	2,3
28.09.2022	03:00:41	51,6	25,1	24,7	24,5	25,0	24,8	26,8	-0,2	2,3
28.09.2022	03:02:41	51,7	25,1	24,7	24,5	25,0	24,8	26,9	-0,2	2,2
28.09.2022	03:04:41	51,7	25,1	24,7	24,5	25,0	24,8	26,9	-0,2	2,2
28.09.2022	03:06:41	51,8	25,1	24,7	24,5	25,0	24,8	27,0	-0,2	2,2
28.09.2022	03:08:41	51,9	25,1	24,7	24,5	25,0	24,8	27,1	-0,2	2,2
28.09.2022	03:10:41	51,9	25,1	24,7	24,5	25,0	24,8	27,1	-0,2	2,2
28.09.2022	03:12:41	52,0	25,1	24,7	24,5	25,0	24,8	27,2	-0,3	2,2
28.09.2022	03:14:41	52,1	25,1	24,7	24,5	25,0	24,8	27,2	-0,3	2,1
28.09.2022	03:16:41	52,1	25,1	24,7	24,5	25,0	24,8	27,3	-0,3	2,1
28.09.2022	03:18:41	52,2	25,1	24,7	24,5	25,0	24,8	27,4	-0,3	2,1
28.09.2022	03:20:41	52,3	25,1	24,7	24,5	25,0	24,8	27,4	-0,3	2,1
28.09.2022	03:22:41	52,3	25,1	24,7	24,5	25,0	24,8	27,5	-0,4	2,0
28.09.2022	03:24:41	52,4	25,1	24,7	24,5	25,0	24,8	27,6	-0,4	2,0
28.09.2022	03:26:41	52,4	25,1	24,7	24,5	25,0	24,8	27,6	-0,4	2,0
28.09.2022	03:28:41	52,5	25,1	24,7	24,5	25,0	24,8	27,7	-0,4	2,0
28.09.2022	03:30:41	52,6	25,1	24,7	24,5	25,0	24,8	27,7	-0,4	2,0
28.09.2022	03:32:41	52,6	25,1	24,7	24,5	25,0	24,8	27,8	-0,4	2,0
28.09.2022	03:34:41	52,7	25,1	24,7	24,5	25,0	24,8	27,9	-0,5	2,0
28.09.2022	03:36:41	52,8	25,1	24,7	24,5	25,0	24,8	28,0	-0,5	2,0
28.09.2022	03:38:41	52,8	25,0	24,7	24,5	25,0	24,8	28,0	-0,5	2,0
28.09.2022	03:40:41	52,9	25,0	24,7	24,5	24,9	24,8	28,1	-0,5	2,0
28.09.2022	03:42:41	52,9	25,0	24,7	24,5	25,0	24,8	28,2	-0,6	2,0
28.09.2022	03:44:41	53,0	25,0	24,7	24,5	24,9	24,8	28,2	-0,6	1,9
28.09.2022	03:46:41	53,1	25,0	24,7	24,4	24,9	24,8	28,3	-0,6	1,9
28.09.2022	03:48:41	53,1	25,0	24,7	24,5	24,9	24,8	28,3	-0,6	1,9
28.09.2022	03:50:41	53,2	25,0	24,7	24,5	25,0	24,8	28,4	-0,6	1,9
28.09.2022	03:52:41	53,2	25,0	24,7	24,5	24,9	24,8	28,5	-0,7	1,9
28.09.2022	03:54:41	53,3	25,0	24,7	24,5	24,9	24,8	28,5	-0,7	1,9
28.09.2022	03:56:41	53,4	25,1	24,7	24,5	25,0	24,8	28,6	-0,7	1,9
28.09.2022	03:58:41	53,4	25,1	24,7	24,5	24,9	24,8	28,6	-0,8	1,9
28.09.2022	04:00:41	53,5	25,1	24,7	24,5	24,9	24,8	28,7	-0,8	1,9
28.09.2022	04:02:41	53,5	25,1	24,7	24,5	24,9	24,8	28,7	-0,8	1,9
28.09.2022	04:04:41	53,6	25,1	24,7	24,5	24,9	24,8	28,8	-0,8	1,8
28.09.2022	04:06:41	53,6	25,1	24,7	24,5	24,9	24,8	28,8	-0,8	1,9
28.09.2022	04:08:41	53,7	25,1	24,7	24,5	24,9	24,8	28,9	-0,9	1,8
28.09.2022	04:10:41	53,7	25,1	24,7	24,5	24,9	24,8	28,9	-0,9	1,8
28.09.2022	04:12:41	53,8	25,1	24,7	24,5	24,9	24,8	29,0	-0,9	1,8
28.09.2022	04:14:41	53,8	25,1	24,7	24,5	25,0	24,8	29,0	-0,9	1,8
28.09.2022	04:16:41	53,9	25,1	24,7	24,5	24,9	24,8	29,1	-1,0	1,8
28.09.2022	04:18:41	54,0	25,1	24,7	24,5	24,9	24,8	29,2	-0,9	1,8
28.09.2022	04:20:41	54,0	25,1	24,7	24,5	25,0	24,8	29,2	-0,9	1,8
28.09.2022	04:22:41	54,1	25,1	24,7	24,5	24,9	24,8	29,3	-0,8	1,8
28.09.2022	04:24:41	54,1	25,1	24,7	24,5	24,9	24,8	29,3	-0,8	1,8
28.09.2022	04:26:41	54,2	25,1	24,7	24,5	24,9	24,8	29,4	-0,8	1,7
28.09.2022	04:28:41	54,2	25,1	24,7	24,5	24,9	24,8	29,4	-0,8	1,7
28.09.2022	04:30:41	54,3	25,0	24,7	24,5	24,9	24,8	29,5	-0,8	1,7
28.09.2022	04:32:41	54,3	25,0	24,7	24,5	24,9	24,8	29,5	-0,8	1,7
28.09.2022	04:34:41	54,4	25,0	24,7	24,5	24,9	24,8	29,6	-0,8	1,7
28.09.2022	04:36:41	54,4	25,0	24,7	24,5	24,9	24,8	29,6	-0,9	1,7
28.09.2022	04:38:41	54,5	25,0	24,7	24,5	24,9	24,8	29,7	-0,9	1,6
28.09.2022	04:40:41	54,5	25,0	24,7	24,5	24,9	24,8	29,7	-0,9	1,6
28.09.2022	04:42:41	54,6	25,0	24,7	24,5	24,9	24,8	29,8	-0,9	1,6
28.09.2022	04:44:41	54,7	25,0	24,7	24,5	24,9	24,8	29,9	-0,9	1,6
28.09.2022	04:46:41	54,7	25,0	24,7	24,5	24,9	24,8	29,9	-1,0	1,6
28.09.2022	04:48:41	54,7	25,0	24,7	24,5	24,9	24,8	30,0	-1,0	1,6
28.09.2022	04:50:41	54,8	25,0	24,7	24,5	24,9	24,8	30,0	-1,0	1,6
28.09.2022	04:52:41	54,8	25,0	24,7	24,5	24,9	24,8	30,1	-0,9	1,6
28.09.2022	04:54:41	54,9	25,0	24,7	24,5	24,9	24,8	30,1	-0,9	1,6
28.09.2022	04:56:41	54,9	25,0	24,7	24,5	24,9	24,8	30,2	-0,8	1,6
28.09.2022	04:58:41	55,0	25,0	24,7	24,5	24,9	24,8	30,2	-0,8	1,6
28.09.2022	05:00:41	55,0	25,0	24,7	24,5	24,9	24,8	30,3	-0,8	1,6
28.09.2022	05:02:41	55,1	25,0	24,7	24,5	24,9	24,8	30,3	-0,8	1,6
28.09.2022	05:04:41	55,1	25,0	24,7	24,5	24,9	24,8	30,3	-0,7	1,6
28.09.2022	05:06:41	55,2	25,0	24,7	24,5	24,9	24,8	30,4	-0,7	1,5
28.09.2022	05:08:41	55,2	25,0	24,6	24,5	24,9	24,8	30,4	-0,7	1,6
28.09.2022	05:10:41	55,2	25,0	24,7	24,5	24,9	24,8	30,5	-0,7	1,5
28.09.2022	05:12:41	55,3	25,0	24,6	24,5	24,9	24,8	30,5	-0,7	1,5
28.09.2022	05:14:41	55,3	25,0	24,6	24,5	24,9	24,8	30,6	-0,8	1,6
28.09.2022	05:16:41	55,4	25,0	24,6	24,5	24,9	24,8	30,6	-0,8	1,5
28.09.2022	05:18:41	55,4	25,0	24,6	24,5	24,9	24,8	30,7	-0,8	1,5
28.09.2022	05:20:41	55,5	25,0	24,6	24,5	24,9	24,7	30,7	-0,9	1,5
28.09.2022	05:22:41	55,5	25,0	24,6	24,5	24,9	24,8	30,8	-0,9	1,5
28.09.2022	05:24:41	55,6	25,0	24,6	24,5	24,9	24,7	30,8	-0,9	1,5
28.09.2022	05:26:41	55,6	25,0	24,6	24,5	24,9	24,7	30,9	-0,8	1,5
28.09.2022	05:28:41	55,7	25,0	24,6	24,5	24,9	24,7	30,9	-0,8	1,5
28.09.2022	05:30:41	55,7	25,0	24,6	24,5	24,9	24,7	31,0	-0,8	1,5
28.09.2022	05:32:41	55,7	25,0	24,6	24,5	24,9	24,7	31,0	-0,7	1,5
28.09.2022	05:34:41	55,8	25,0	24,6	24,5	24,9	24,7	31,1	-0,7	1,5
28.09.2022	05:36:41	55,8	25,0	24,6	24,5	24,9	24,7	31,1	-0,7	1,5
28.09.2022	05:38:41	55,9	25,0	24,6	24,5	24,9	24,7	31,1	-0,6	1,4
28.09.2022	05:40:41	55,9	25,0	24,6	24,5	24,9	24,7	31,2	-0,6	1,4
28.09.2022	05:42:41	56,0	25,0	24,6	24,4	24,9	24,7	31,2	-0,6	1,4
28.09.2022	05:44:41	56,0	25,0	24,6	24,5	24,9	24,7	31,3	-0,6	1,4
28.09.2022	05:46:41	56,0	25,0	24,6	24,4	24,9	24,7	31,3	-0,6	1,4
28.09.2022	05:48:41	56,1	25,0	24,6	24,4	24,9	24,7	31,4	-0,7	1,4
28.09.2022	05:50:41	56,1	25,0	24,6	24,4	24,9	24,7	31,4	-0,6	1,4
28.09.2022	05:52:41	56,1	25,0	24,6	24,4	24,9	24,7	31,4	-0,6	1,4
28.09.2022	05:54:41	56,2	25,0	24,6	24,4	24,9	24,7	31,5	-0,6	1,4
28.09.2022	05:56:41	56,2	25,0	24,6	24,4	24,8	24,7	31,5	-0,7	1,4
28.09.2022	05:58:41	56,3	25,0	24,6	24,4	24,9	24,7	31,6	-0,6	1,3
28.09.2022	06:00:41	56,3	25,0	24,6	24,4	24,9	24,7	31,6	-0,6	1,3
28.09.2022	06:02:41	56,3	25,0	24,6	24,4	24,8	24,7	31,6	-0,6	1,3
28.09.2022	06:04:41	56,4	25,0	24,6	24,4	24,8	24,7	31,7	-0,6	1,3
28.09.2022	06:06:41	56,4	25,0	24,6	24,5	24,9	24,7	31,7	-0,7	1,3
28.09.2022	06:08:41	56,5	25,0	24,6	24,4	24,8	24,7	31,8	-0,6	1,3
28.09.2022	06:10:41	56,5	25,0	24,6	24,4	24,8	24,7	31,8	-0,6	1,3
28.09.2022	06:12:41	56,5	25,0	24,6	24,5	24,8	24,7	31,8	-0,7	1,3
28.09.2022	06:14:41	56,6	25,0	24,6	24,4	24,8	24,7	31,9	-0,7	1,3
28.09.2022	06:16:41	56,6	25,0	24,6	24,4	24,8	24,7	31,9	-0,6	1,3
28.09.2022	06:18:41	56,7	25,0	24,6	24,5	24,8	24,7	31,9	-0,6	1,3
28.09.2022	06:20:41	56,7	25,0	24,6	24,5	24,8	24,7	32,0	-0,6	1,2
28.09.2022	06:22:41	56,7	25,0	24,6	24,5	24,8	24,7	32,0	-0,6	1,2
28.09.2022	06:24:41	56,8	25,0	24,6	24,5	24,8	24,7	32,0	-0,6	1,2
28.09.2022	06:26:41	56,8	25,0	24,6	24,5	24,8	24,7	32,1	-0,6	1,2
28.09.2022	06:28:41	56,9	25,0	24,6	24,5	24,9	24,7	32,1	-0,6	1,2
28.09.2022	06:30:41	56,9	25,0	24,6	24,5	24,8	24,7	32,2	-0,6	1,2
28.09.2022	06:32:41	56,9	25,0	24,6	24,5	24,9	24,7	32,2	-0,6	1,2
28.09.2022	06:34:41	57,0	25,0	24,6	24,5	24,8	24,7	32,3	-0,6	1,2
28.09.2022	06:36:41	57,0	25,0	24,6	24,5	24,8	24,7	32,3	-0,6	1,2
28.09.2022	06:38:41	57,0	25,0	24,6	24,5	24,8	24,7	32,3	-0,6	1,2
28.09.2022	06:40:41	57,1	25,0	24,6	24,4	24,8	24,7	32,4	-0,7	1,2
28.09.2022	06:42:41	57,1	25,0	24,6	24,4	24,8	24,7	32,4	-0,7	1,2
28.09.2022	06:44:41	57,2	25,0	24,6	24,4	24,8	24,7	32,5	-0,8	1,2
28.09.2022	06:46:41	57,2	25,0	24,6	24,4	24,8	24,7	32,5	-0,8	1,2
28.09.2022	06:48:41	57,2	24,9	24,6	24,4	24,8	24,7	32,5	-0,8	1,2
28.09.2022	06:50:41	57,2	24,9	24,6	24,4	24,8	24,7	32,6	-0,8	1,2
28.09.2022	06:52:41	57,3	24,9	24,6	24,4	24,8	24,7	32,6	-0,9	1,2
28.09.2022	06:54:41	57,3	24,9	24,6	24,4	24,8	24,7	32,6	-0,9	1,1
28.09.2022	06:56:41	57,4	24,9	24,5	24,4	24,8	24,7	32,7	-0,9	1,2
28.09.2022	06:58:41	57,4	24,9	24,5	24,4	24,8	24,7	32,7	-0,9	1,2
28.09.2022	07:00:41	57,4	24,9	24,5	24,4	24,8	24,7	32,8	-0,9	1,2
28.09.2022	07:02:41	57,4	24,9	24,5	24,4	24,8	24,7	32,8	-0,8	1,2
28.09.2022	07:04:41	57,5	24,9	24,5	24,4	24,8	24,6	32,8	-0,8	1,2
28.09.2022	07:06:41	57,5	24,9	24,5	24,4	24,8	24,6	32,9	-0,8	1,2
28.09.2022	07:08:41	57,5	24,9	24,5	24,4	24,8	24,6	32,9	-0,8	1,1
28.09.2022	07:10:41	57,6	24,8	24,5	24,3	24,8	24,6	33,0	-0,8	1,2
28.09.2022	07:12:41	57,6	24,8	24,5	24,3	24,8	24,6	33,0	-0,8	1,2
28.09.2022	07:14:41	57,6	24,8	24,5	24,3	24,8	24,6	33,0	-0,8	1,1
28.09.2022	07:16:41	57,7	24,8	24,4	24,3	24,8	24,6	33,1	-0,7	1,2
28.09.2022	07:18:41	57,7	24,8	24,4	24,3	24,8	24,6	33,1	-0,7	1,2
28.09.2022	07:20:41	57,7	24,8	24,4	24,3	24,8	24,6	33,2	-0,7	1,2
28.09.2022	07:22:41	57,8	24,8	24,4	24,3	24,8	24,6	33,2	-0,7	1,2
28.09.2022	07:24:41	57,8	24,8	24,4	24,3	24,8	24,6	33,2	-0,7	1,2
28.09.2022	07:26:41	57,8	24,8	24,4	24,3	24,8	24,6	33,2	-0,8	1,1
28.09.2022	07:28:41	57,8	24,8	24,4	24,3	24,8	24,6	33,3	-0,8	1,1
28.09.2022	07:30:41	57,9	24,8	24,4	24,3	24,7	24,6	33,3	-0,9	1,2
28.09.2022	07:32:41	57,9	24,8	24,4	24,2	24,7	24,6	33,4	-0,9	1,2
28.09.2022	07:34:41	57,9	24,8	24,4	24,2	24,7	24,5	33,4	-0,9	1,1
28.09.2022	07:36:41	58,0	24,8	24,4	24,2	24,7	24,5	33,4	-0,9	1,1
28.09.2022	07:38:41	58,0	24,8	24,4	24,2	24,7	24,5	33,5	-0,8	1,1
28.09.2022	07:40:41	58,0	24,8	24,4	24,2	24,7	24,5	33,5	-0,8	1,1
28.09.2022	07:42:41	58,0	24,8	24,4	24,2	24,7	24,5	33,5	-0,8	1,1
28.09.2022	07:44:41	58,1	24,8	24,4	24,2	24,7	24,5	33,6	-0,8	1,1
28.09.2022	07:46:41	58,1	24,8	24,4	24,2	24,7	24,5	33,6	-0,7	1,1
28.09.2022	07:48:41	58,1	24,8	24,4	24,2	24,7	24,5	33,6	-0,7	1,1
28.09.2022	07:50:41	58,2	24,8	24,4	24,2	24,7	24,5	33,6	-0,7	1,1
28.09.2022	07:52:41	58,2	24,8	24,4	24,2	24,7	24,5	33,7	-0,7	1,1
28.09.2022	07:54:41	58,2	24,8	24,4	24,2	24,7	24,5	33,7	-0,7	1,1
28.09.2022	07:56:41	58,3	24,8	24,4	24,2	24,7	24,5	33,7	-0,7	1,1
28.09.2022	07:58:41	58,3	24,8	24,4	24,2	24,7	24,5	33,8	-0,7	1,0
28.09.2022	08:00:41	58,3	24,8	24,4	24,2	24,7	24,5	33,8	-0,7	1,0
28.09.2022	08:02:41	58,3	24,8	24,4	24,2	24,7	24,5	33,8	-0,6	1,0
28.09.2022	08:04:41	58,4	24,8	24,4	24,2	24,7	24,5	33,8	-0,6	1,0
28.09.2022	08:06:41	58,4	24,8	24,4	24,2	24,7	24,5	33,9	-0,7	1,0
28.09.2022	08:08:41	58,4	24,8	24,4	24,2	24,7	24,5	33,9	-0,7	1,0
28.09.2022	08:10:41	58,4	24,8	24,4	24,2	24,7	24,5	33,9	-0,7	1,0
28.09.2022	08:12:41	58,5	24,8	24,4	24,2	24,7	24,5	33,9	-0,8	0,9
28.09.2022	08:14:41	58,5	24,8	24,4	24,2	24,7	24,5	34,0	-0,8	1,0
28.09.2022	08:16:41	58,5	24,8	24,4	24,2	24,7	24,5	34,0	-0,9	1,0
28.09.2022	08:18:41	58,6	24,8	24,4	24,2	24,7	24,5	34,1	-0,9	1,0
28.09.2022	08:20:41	58,6	24,8	24,3	24,2	24,7	24,5	34,1	-0,9	0,9
28.09.2022	08:22:41	58,6	24,7	24,3	24,1	24,7	24,5	34,1	-1,0	1,0
28.09.2022	08:24:41	58,6	24,7	24,3	24,1	24,7	24,5	34,2	-1,0	1,0
28.09.2022	08:26:41	58,7	24,7	24,3	24,1	24,6	24,4	34,2	-1,0	1,0
28.09.2022	08:28:41	58,7	24,7	24,3	24,1	24,6	24,4	34,2	-1,1	1,0
28.09.2022	08:30:41	58,7	24,7	24,3	24,0	24,6	24,4	34,3	-1,0	1,0
28.09.2022	08:32:41	58,7	24,7	24,3	24,0	24,6	24,4	34,3	-1,0	1,0
28.09.2022	08:34:41	58,7	24,6	24,3	24,0	24,6	24,4	34,4	-0,9	1,0
28.09.2022	08:36:41	58,8	24,6	24,3	23,9	24,6	24,4	34,4	-0,9	1,0
28.09.2022	08:38:41	58,8	24,6	24,2	23,9	24,6	24,3	34,4	-0,9	1,0
28.09.2022	08:40:41	58,8	24,6	24,3	23,9	24,6	24,3	34,5	-0,8	1,0
28.09.2022	08:42:41	58,8	24,6	24,2	23,9	24,6	24,3	34,5	-0,8	1,0
28.09.2022	08:44:41	58,8	24,6	24,2	23,9	24,6	24,3	34,5	-0,8	1,0
28.09.2022	08:46:41	58,9	24,6	24,2	23,9	24,6	24,3	34,5	-0,9	1,0
28.09.2022	08:48:41	58,9	24,6	24,2	23,9	24,5	24,3	34,6	-0,9	1,0
28.09.2022	08:50:41	58,9	24,6	24,2	23,9	24,5	24,3	34,6	-0,9	0,9
28.09.2022	08:52:41	58,9	24,6	24,2	23,9	24,5	24,3	34,6	-0,8	0,9
28.09.2022	08:54:41	59,0	24,6	24,2	24,0	24,5	24,3	34,6	-0,8	0,9
28.09.2022	08:56:41	59,0	24,6	24,3	24,0	24,5	24,4	34,6	-0,8	0,9
28.09.2022	08:58:41	59,0	24,6	24,3	24,0	24,6	24,4	34,7	-0,8	0,9
28.09.2022	09:00:41	59,1	24,6	24,3	24,0	24,6	24,4	34,7	-0,8	0,9
28.09.2022	09:02:41	59,0	24,6	24,3	24,0	24,6	24,4	34,7	-0,8	0,9
28.09.2022	09:04:41	59,1	24,7	24,3	24,0	24,6	24,4	34,7	-0,8	0,9
28.09.2022	09:06:41	59,1	24,7	24,3	24,0	24,6	24,4	34,7	-0,7	0,9
28.09.2022	09:08:41	59,1	24,7	24,3	24,0	24,6	24,4	34,8	-0,7	0,9
28.09.2022	09:10:41	59,2	24,7	24,3	24,0	24,6	24,4	34,8	-0,7	0,8
28.09.2022	09:12:41	59,2	24,7	24,3	24,0	24,6	24,4	34,8	-0,7	0,8
28.09.2022	09:14:41	59,2	24,7	24,3	24,1	24,6	24,4	34,8	-0,7	0,8
28.09.2022	09:16:41	59,2	24,7	24,3	24,1	24,6	24,4	34,8	-0,7	0,8
28.09.2022	09:18:41	59,3	24,7	24,3	24,1	24,6	24,4	34,8	-0,7	0,8
28.09.2022	09:20:41	59,3	24,7	24,3	24,1	24,6	24,4	34,9	-0,6	0,8
28.09.2022	09:22:41	59,3	24,7	24,3	24,1	24,6	24,4	34,9	-0,7	0,7
28.09.2022	09:24:41	59,3	24,7	24,3	24,1	24,6	24,4	34,9	-0,7	0,7
28.09.2022	09:26:41	59,3	24,7	24,3	24,1	24,6	24,4	34,9	-0,8	0,7
28.09.2022	09:28:41	59,4	24,7	24,3	24,1	24,6	24,4	34,9	-0,8	0,7
28.09.2022	09:30:41	59,4	24,7	24,3	24,1	24,6	24,4	35,0	-0,8	0,7
28.09.2022	09:32:41	59,4	24,7	24,3	24,1	24,6	24,4	35,0	-0,7	0,7
28.09.2022	09:34:41	59,4	24,7	24,3	24,1	24,6	24,4	35,0	-0,7	0,6
28.09.2022	09:36:41	59,5	24,7	24,3	24,1	24,6	24,4	35,0	-0,6	0,6
28.09.2022	09:38:41	59,5	24,7	24,3	24,1	24,6	24,4	35,0	-0,6	0,6
28.09.2022	09:40:41	59,5	24,7	24,3	24,1	24,6	24,4	35,0	-0,5	0,6
28.09.2022	09:42:41	59,5	24,7	24,3	24,1	24,6	24,5	35,1	-0,5	0,6
28.09.2022	09:44:41	59,6	24,7	24,4	24,1	24,6	24,5	35,1	-0,5	0,6
28.09.2022	09:46:41	59,6	24,7	24,4	24,2	24,6	24,5	35,1	-0,4	0,5
28.09.2022	09:48:41	59,6	24,8	24,4	24,2	24,6	24,5	35,1	-0,4	0,5
28.09.2022	09:50:41	59,6	24,8	24,4	24,2	24,6	24,5	35,1	-0,4	0,5
28.09.2022	09:52:41	59,6	24,8	24,4	24,2	24,6	24,5	35,1	-0,4	0,5
28.09.2022	09:54:41	59,6	24,8	24,4	24,2	24,6	24,5	35,1	-0,4	0,5
28.09.2022	09:56:41	59,7	24,8	24,5	24,2	24,6	24,5	35,2	-0,4	0,5
28.09.2022	09:58:41	59,7	24,8	24,5	24,2	24,6	24,5	35,2	-0,4	0,5
28.09.2022	10:00:41	59,7	24,8	24,5	24,3	24,6	24,6	35,2	-0,4	0,5
28.09.2022	10:02:41	59,8	24,8	24,5	24,3	24,7	24,6	35,2	-0,4	0,5
28.09.2022	10:04:41	59,8	24,8	24,5	24,3	24,7	24,6	35,2	-0,4	0,5
28.09.2022	10:06:41	59,8	24,8	24,5	24,3	24,7	24,6	35,2	-0,4	0,5
28.09.2022	10:08:41	59,8	24,8	24,5	24,3	24,7	24,6	35,2	-0,4	0,5
28.09.2022	10:10:41	59,8	24,8	24,5	24,3	24,7	24,6	35,2	-0,4	0,5
28.09.2022	10:12:41	59,9	24,9	24,5	24,4	24,7	24,6	35,2	-0,4	0,5
28.09.2022	10:14:41	59,9	24,9	24,5	24,4	24,7	24,6	35,3	-0,4	0,5
28.09.2022	10:16:41	59,9	24,9	24,5	24,4	24,7	24,6	35,3	-0,4	0,4
28.09.2022	10:18:41	59,9	24,9	24,6	24,4	24,7	24,6	35,3	-0,4	0,4
28.09.2022	10:20:41	59,9	24,9	24,6	24,4	24,7	24,7	35,3	-0,4	0,4
28.09.2022	10:22:41	60,0	24,9	24,6	24,5	24,7	24,7	35,3	-0,4	0,4
28.09.2022	10:24:41	60,0	24,9	24,6	24,5	24,7	24,7	35,3	-0,4	0,4
28.09.2022	10:26:41	60,0	24,9	24,6	24,5	24,7	24,7	35,3	-0,4	0,4
28.09.2022	10:28:41	60,1	24,9	24,6	24,5	24,8	24,7	35,4	-0,4	0,4
28.09.2022	10:30:41	60,1	25,0	24,6	24,5	24,8	24,7	35,4	-0,4	0,4
28.09.2022	10:32:41	60,1	24,9	24,6	24,6	24,8	24,7	35,4	-0,4	0,3
28.09.2022	10:34:41	60,1	25,0	24,6	24,6	24,8	24,7	35,4	-0,4	0,3
28.09.2022	10:36:41	60,1	25,0	24,6	24,6	24,8	24,7	35,3	-0,4	0,3
28.09.2022	10:38:41	60,1	25,0	24,6	24,6	24,8	24,8	35,3	-0,4	0,3
28.09.2022	10:40:41	60,1	25,0	24,6	24,6	24,8	24,8	35,3	-0,4	0,2
28.09.2022	10:42:41	60,1	25,0	24,7	24,6	24,8	24,8	35,3	-0,4	0,2
28.09.2022	10:44:41	60,0	25,0	24,7	24,7	24,8	24,8	35,3	-0,4	0,2
28.09.2022	10:46:41	60,0	25,0	24,7	24,7	24,8	24,8	35,2	-0,4	0,1
28.09.2022	10:48:41	60,0	25,0	24,7	24,7	24,8	24,8	35,2	-0,4	0,1
28.09.2022	10:50:41	60,0	25,0	24,7	24,7	24,8	24,8	35,2	-0,4	0,1
28.09.2022	10:52:41	60,0	25,0	24,7	24,7	24,8	24,8	35,2	-0,4	0,1
28.09.2022	10:54:41	60,0	25,0	24,7	24,7	24,9	24,8	35,2	-0,4	0,0
28.09.2022	10:56:41	60,0	25,1	24,7	24,7	24,9	24,8	35,1	-0,4	-0,0
28.09.2022	10:58:41	60,0	25,1	24,7	24,7	24,9	24,8	35,1	-0,4	-0,0
28.09.2022	11:00:41	59,9	25,1	24,7	24,7	24,9	24,9	35,1	-0,4	-0,1
28.09.2022	11:02:41	59,9	25,1	24,7	24,8	24,9	24,9	35,1	-0,4	-0,1
28.09.2022	11:04:41	59,9	25,1	24,7	24,8	24,9	24,9	35,0	-0,4	-0,2
28.09.2022	11:06:41	59,9	25,1	24,7	24,7	24,9	24,9	35,0	-0,4	-0,2
28.09.2022	11:08:41	59,9	25,1	24,7	24,7	24,9	24,8	35,0	-0,4	-0,2
28.09.2022	11:10:41	59,9	25,1	24,7	24,7	24,9	24,8	35,0	-0,4	-0,2
28.09.2022	11:12:41	59,8	25,1	24,7	24,7	24,9	24,8	35,0	-0,4	-0,3
28.09.2022	11:14:41	59,8	25,1	24,7	24,7	24,9	24,8	35,0	-0,4	-0,3
28.09.2022	11:16:41	59,8	25,0	24,7	24,7	24,9	24,8	35,0	-0,4	-0,3
28.09.2022	11:18:41	59,8	25,0	24,7	24,7	24,9	24,8	35,0	-0,4	-0,3
28.09.2022	11:20:41	59,8	25,1	24,7	24,7	24,9	24,8	34,9	-0,4	-0,4
28.09.2022	11:22:41	59,8	25,1	24,7	24,7	24,9	24,8	34,9	-0,4	-0,4
28.09.2022	11:24:41	59,8	25,1	24,7	24,7	24,9	24,8	34,9	-0,4	-0,4
