Operator<Heat Run>
Date<27.09.2022>
Start_Time<19:38:41>
TUT_Number<1LPL22000143819>
Data	Godzina	U1 [V]	U2 [V]	U3 [V]	I1 [A]	I2 [A]	I3 [A]	P1 [W]	P2 [W]	P3 [W]	P sum [W]	I œr [A]
27.09.2022	19:38:42	1,982	0,000	2,221	0,011	0,000	0,011	-0,020	-0,000	-0,020	-0,040	0,007
27.09.2022	19:40:42	375,426	374,653	375,846	2,369	2,344	2,392	240,910	226,320	232,950	700,180	2,368
27.09.2022	19:42:42	375,424	374,635	375,836	2,368	2,344	2,391	241,390	226,860	233,480	701,730	2,368
27.09.2022	19:44:42	375,427	374,638	375,841	2,368	2,343	2,391	241,860	227,290	233,970	703,120	2,367
27.09.2022	19:46:42	375,427	374,636	375,841	2,367	2,343	2,390	242,330	227,780	234,420	704,530	2,367
27.09.2022	19:48:42	375,426	374,634	375,838	2,367	2,342	2,390	242,750	228,200	234,880	705,830	2,366
27.09.2022	19:50:42	375,425	374,632	375,834	2,367	2,342	2,390	243,140	228,580	235,310	707,030	2,366
27.09.2022	19:52:42	375,424	374,627	375,830	2,366	2,342	2,389	243,510	228,960	235,670	708,140	2,366
27.09.2022	19:54:42	375,424	374,626	375,831	2,366	2,341	2,389	243,880	229,360	236,040	709,280	2,365
27.09.2022	19:56:42	375,424	374,624	375,828	2,365	2,341	2,388	244,240	229,660	236,400	710,300	2,365
27.09.2022	19:58:42	375,423	374,623	375,830	2,365	2,341	2,388	244,550	230,030	236,760	711,340	2,365
27.09.2022	20:00:42	375,427	374,627	375,829	2,365	2,340	2,388	244,850	230,290	237,070	712,210	2,364
27.09.2022	20:02:42	375,426	374,629	375,835	2,364	2,340	2,388	245,140	230,600	237,390	713,130	2,364
27.09.2022	20:04:42	375,425	374,626	375,829	2,364	2,340	2,387	245,420	230,860	237,640	713,920	2,364
27.09.2022	20:06:42	375,423	374,623	375,830	2,364	2,339	2,387	245,660	231,110	237,930	714,700	2,363
27.09.2022	20:08:42	375,425	374,627	375,835	2,364	2,339	2,387	245,890	231,370	238,150	715,410	2,363
27.09.2022	20:10:42	375,425	374,626	375,834	2,363	2,339	2,386	246,130	231,600	238,420	716,150	2,363
27.09.2022	20:12:42	375,424	374,626	375,833	2,363	2,339	2,386	246,360	231,800	238,630	716,790	2,363
27.09.2022	20:14:42	375,425	374,622	375,828	2,363	2,338	2,386	246,570	232,040	238,860	717,470	2,362
27.09.2022	20:16:42	375,424	374,624	375,826	2,363	2,338	2,386	246,740	232,200	239,060	718,000	2,362
27.09.2022	20:18:42	375,424	374,621	375,829	2,363	2,338	2,386	246,940	232,430	239,230	718,600	2,362
27.09.2022	20:20:42	375,427	374,625	375,831	2,362	2,338	2,385	247,120	232,570	239,400	719,090	2,362
27.09.2022	20:22:42	375,423	374,621	375,827	2,362	2,338	2,385	247,260	232,780	239,570	719,610	2,362
27.09.2022	20:24:42	375,425	374,621	375,833	2,362	2,338	2,385	247,460	232,920	239,760	720,140	2,362
27.09.2022	20:26:42	375,424	374,623	375,835	2,362	2,337	2,385	247,610	233,090	239,920	720,620	2,361
27.09.2022	20:28:42	375,425	374,624	375,829	2,362	2,337	2,385	247,760	233,180	240,110	721,050	2,361
27.09.2022	20:30:42	375,425	374,622	375,832	2,362	2,337	2,385	247,890	233,400	240,250	721,540	2,361
27.09.2022	20:32:42	375,424	374,620	375,833	2,361	2,337	2,384	248,100	233,500	240,400	722,000	2,361
27.09.2022	20:34:42	375,423	374,616	375,824	2,361	2,337	2,384	248,190	233,670	240,540	722,400	2,361
27.09.2022	20:36:42	375,423	374,620	375,827	2,361	2,337	2,384	248,350	233,790	240,690	722,830	2,361
27.09.2022	20:38:42	375,422	374,615	375,824	2,361	2,337	2,384	248,500	233,940	240,830	723,270	2,360
27.09.2022	20:40:42	375,424	374,619	375,831	2,361	2,336	2,384	248,610	234,100	241,000	723,710	2,360
27.09.2022	20:42:42	375,423	374,616	375,825	2,361	2,336	2,384	248,760	234,210	241,080	724,050	2,360
27.09.2022	20:44:42	375,422	374,617	375,825	2,360	2,336	2,383	248,880	234,330	241,250	724,460	2,360
27.09.2022	20:46:42	375,423	374,617	375,828	2,360	2,336	2,383	249,010	234,500	241,360	724,870	2,360
27.09.2022	20:48:42	375,424	374,620	375,831	2,360	2,336	2,383	249,140	234,610	241,510	725,260	2,360
27.09.2022	20:50:42	375,423	374,620	375,830	2,360	2,336	2,383	249,230	234,710	241,630	725,570	2,360
27.09.2022	20:52:42	375,423	374,615	375,825	2,360	2,336	2,383	249,370	234,850	241,780	726,000	2,359
27.09.2022	20:54:42	375,420	374,614	375,824	2,360	2,336	2,383	249,470	234,980	241,870	726,320	2,359
27.09.2022	20:56:42	375,422	374,618	375,828	2,360	2,335	2,383	249,620	235,090	242,020	726,730	2,359
27.09.2022	20:58:42	375,422	374,615	375,826	2,359	2,335	2,382	249,730	235,200	242,120	727,050	2,359
27.09.2022	21:00:42	375,423	374,616	375,830	2,359	2,335	2,382	249,840	235,330	242,240	727,410	2,359
27.09.2022	21:02:42	375,424	374,618	375,829	2,359	2,335	2,382	250,000	235,440	242,380	727,820	2,359
27.09.2022	21:04:42	373,793	373,006	374,193	2,349	2,325	2,372	247,940	233,550	240,380	721,870	2,348
27.09.2022	21:06:42	373,792	373,002	374,192	2,349	2,325	2,372	248,030	233,620	240,510	722,160	2,348
27.09.2022	21:08:42	373,791	373,000	374,191	2,349	2,325	2,372	248,150	233,770	240,600	722,520	2,348
27.09.2022	21:10:42	373,793	373,003	374,194	2,348	2,324	2,371	248,280	233,860	240,750	722,890	2,348
27.09.2022	21:12:42	373,797	373,010	374,201	2,348	2,324	2,371	248,330	233,950	240,850	723,130	2,348
27.09.2022	21:14:42	373,797	373,011	374,203	2,348	2,324	2,371	248,480	234,110	240,970	723,560	2,348
27.09.2022	21:16:42	373,796	373,007	374,201	2,348	2,324	2,371	248,580	234,220	241,080	723,880	2,348
27.09.2022	21:18:42	373,793	373,003	374,195	2,348	2,324	2,371	248,700	234,310	241,180	724,190	2,348
27.09.2022	21:20:42	373,793	373,007	374,202	2,348	2,324	2,371	248,780	234,420	241,340	724,540	2,348
27.09.2022	21:22:42	373,796	373,009	374,202	2,348	2,324	2,371	248,920	234,520	241,450	724,890	2,347
27.09.2022	21:24:42	373,793	373,009	374,201	2,348	2,324	2,371	249,000	234,630	241,550	725,180	2,347
27.09.2022	21:26:42	373,794	373,004	374,195	2,348	2,324	2,370	249,110	234,740	241,610	725,460	2,347
27.09.2022	21:28:42	373,794	373,005	374,197	2,347	2,323	2,370	249,200	234,860	241,730	725,790	2,347
27.09.2022	21:30:42	373,794	373,009	374,204	2,347	2,323	2,370	249,330	234,940	241,860	726,130	2,347
27.09.2022	21:32:42	373,797	373,007	374,197	2,347	2,323	2,370	249,410	235,030	241,960	726,400	2,347
27.09.2022	21:34:42	373,793	373,009	374,201	2,347	2,323	2,370	249,500	235,130	242,070	726,700	2,347
27.09.2022	21:36:42	373,793	373,004	374,199	2,347	2,323	2,370	249,600	235,270	242,180	727,050	2,347
27.09.2022	21:38:42	373,796	373,006	374,199	2,347	2,323	2,370	249,700	235,340	242,270	727,310	2,347
27.09.2022	21:40:42	373,794	373,002	374,198	2,347	2,323	2,370	249,820	235,440	242,400	727,660	2,346
27.09.2022	21:42:42	373,792	373,000	374,194	2,347	2,323	2,370	249,920	235,540	242,470	727,930	2,346
27.09.2022	21:44:42	372,950	372,170	373,361	2,341	2,318	2,364	248,870	234,590	241,500	724,960	2,341
27.09.2022	21:46:42	372,952	372,169	373,360	2,341	2,317	2,364	249,000	234,700	241,590	725,290	2,341
27.09.2022	21:48:42	372,951	372,166	373,359	2,341	2,317	2,364	249,060	234,780	241,710	725,550	2,341
27.09.2022	21:50:42	372,950	372,168	373,362	2,341	2,317	2,364	249,190	234,870	241,810	725,870	2,341
27.09.2022	21:52:42	372,951	372,168	373,360	2,341	2,317	2,364	249,260	234,990	241,880	726,130	2,341
27.09.2022	21:54:42	372,950	372,163	373,353	2,341	2,317	2,364	249,350	235,070	241,990	726,410	2,340
27.09.2022	21:56:42	372,947	372,164	373,355	2,341	2,317	2,364	249,460	235,160	242,070	726,690	2,340
27.09.2022	21:58:42	372,950	372,164	373,353	2,341	2,317	2,363	249,560	235,230	242,160	726,950	2,340
27.09.2022	22:00:42	372,948	372,162	373,356	2,340	2,317	2,363	249,660	235,360	242,270	727,290	2,340
27.09.2022	22:02:42	372,950	372,164	373,355	2,340	2,317	2,363	249,710	235,460	242,390	727,560	2,340
27.09.2022	22:04:42	372,951	372,163	373,353	2,340	2,317	2,363	249,850	235,540	242,470	727,860	2,340
27.09.2022	22:06:42	371,324	370,560	371,727	2,330	2,306	2,353	247,730	233,570	240,460	721,760	2,330
27.09.2022	22:08:42	371,322	370,556	371,723	2,330	2,306	2,353	247,810	233,670	240,550	722,030	2,330
27.09.2022	22:10:42	371,321	370,556	371,724	2,330	2,306	2,353	247,900	233,760	240,630	722,290	2,329
27.09.2022	22:12:42	371,318	370,552	371,720	2,330	2,306	2,352	247,980	233,860	240,720	722,560	2,329
27.09.2022	22:14:42	371,320	370,553	371,721	2,329	2,306	2,352	248,050	233,920	240,780	722,750	2,329
27.09.2022	22:16:42	371,320	370,554	371,721	2,329	2,306	2,352	248,160	234,000	240,890	723,050	2,329
27.09.2022	22:18:42	371,320	370,556	371,726	2,329	2,306	2,352	248,250	234,100	240,990	723,340	2,329
27.09.2022	22:20:42	371,317	370,550	371,718	2,329	2,306	2,352	248,330	234,180	241,030	723,540	2,329
27.09.2022	22:22:42	371,315	370,552	371,721	2,329	2,306	2,352	248,410	234,260	241,150	723,820	2,329
27.09.2022	22:24:42	371,313	370,552	371,719	2,329	2,306	2,352	248,500	234,370	241,210	724,080	2,329
27.09.2022	22:26:42	371,316	370,554	371,720	2,329	2,306	2,352	248,550	234,450	241,300	724,300	2,329
27.09.2022	22:28:42	371,310	370,545	371,713	2,329	2,305	2,352	248,630	234,510	241,380	724,520	2,329
27.09.2022	22:30:42	371,313	370,546	371,713	2,329	2,305	2,351	248,710	234,570	241,480	724,760	2,328
27.09.2022	22:32:42	371,309	370,546	371,713	2,329	2,305	2,352	248,800	234,700	241,580	725,080	2,328
27.09.2022	22:34:42	371,309	370,543	371,714	2,328	2,305	2,351	248,880	234,780	241,620	725,280	2,328
27.09.2022	22:36:42	371,310	370,546	371,715	2,328	2,305	2,351	248,920	234,840	241,760	725,520	2,328
27.09.2022	22:38:42	371,308	370,541	371,710	2,328	2,305	2,351	249,040	234,940	241,820	725,800	2,328
27.09.2022	22:40:42	371,306	370,542	371,710	2,328	2,305	2,351	249,130	234,950	241,890	725,970	2,328
27.09.2022	22:42:42	371,307	370,543	371,708	2,328	2,305	2,351	249,220	235,090	241,980	726,290	2,328
27.09.2022	22:44:42	371,311	370,550	371,715	2,328	2,305	2,351	249,280	235,170	242,060	726,510	2,328
27.09.2022	22:46:42	371,309	370,552	371,714	2,328	2,305	2,351	249,350	235,260	242,150	726,760	2,328
27.09.2022	22:48:42	371,311	370,551	371,712	2,328	2,304	2,351	249,470	235,310	242,230	727,010	2,328
27.09.2022	22:50:42	371,309	370,553	371,716	2,328	2,304	2,351	249,520	235,380	242,330	727,230	2,328
27.09.2022	22:52:42	371,308	370,549	371,708	2,328	2,304	2,350	249,600	235,480	242,380	727,460	2,327
27.09.2022	22:54:42	371,307	370,548	371,710	2,328	2,304	2,350	249,690	235,590	242,480	727,760	2,327
27.09.2022	22:56:42	371,308	370,552	371,716	2,327	2,304	2,350	249,730	235,630	242,540	727,900	2,327
27.09.2022	22:58:42	370,482	369,725	370,887	2,322	2,299	2,345	248,690	234,660	241,560	724,910	2,322
27.09.2022	23:00:42	370,480	369,723	370,887	2,322	2,299	2,345	248,800	234,740	241,610	725,150	2,322
27.09.2022	23:02:42	370,478	369,723	370,887	2,322	2,299	2,345	248,840	234,780	241,710	725,330	2,322
27.09.2022	23:04:42	370,476	369,719	370,880	2,322	2,299	2,345	248,910	234,880	241,760	725,550	2,322
27.09.2022	23:06:42	370,476	369,721	370,884	2,322	2,299	2,345	249,010	234,920	241,870	725,800	2,322
27.09.2022	23:08:42	370,475	369,717	370,880	2,322	2,299	2,345	249,070	235,040	241,940	726,050	2,322
27.09.2022	23:10:42	370,476	369,716	370,875	2,322	2,298	2,345	249,130	235,100	241,980	726,210	2,322
27.09.2022	23:12:42	370,475	369,719	370,883	2,322	2,298	2,344	249,180	235,200	242,100	726,480	2,322
27.09.2022	23:14:42	370,477	369,720	370,883	2,322	2,298	2,344	249,300	235,250	242,180	726,730	2,321
27.09.2022	23:16:42	370,474	369,714	370,880	2,321	2,298	2,344	249,330	235,330	242,240	726,900	2,321
27.09.2022	23:18:42	370,476	369,720	370,880	2,321	2,298	2,344	249,440	235,390	242,320	727,150	2,321
27.09.2022	23:20:42	370,476	369,717	370,881	2,321	2,298	2,344	249,490	235,460	242,400	727,350	2,321
27.09.2022	23:22:42	370,473	369,715	370,879	2,321	2,298	2,344	249,620	235,560	242,450	727,630	2,321
27.09.2022	23:24:42	370,473	369,714	370,874	2,321	2,298	2,344	249,640	235,610	242,510	727,760	2,321
27.09.2022	23:26:42	368,876	368,114	369,256	2,311	2,288	2,334	247,560	233,660	240,450	721,670	2,311
27.09.2022	23:28:42	368,880	368,118	369,259	2,311	2,288	2,334	247,650	233,710	240,590	721,950	2,311
27.09.2022	23:30:42	368,879	368,120	369,260	2,311	2,288	2,333	247,700	233,800	240,610	722,110	2,311
27.09.2022	23:32:42	368,880	368,116	369,254	2,311	2,288	2,333	247,770	233,870	240,650	722,290	2,311
27.09.2022	23:34:42	368,880	368,121	369,260	2,311	2,288	2,333	247,830	233,910	240,780	722,520	2,311
27.09.2022	23:36:42	368,882	368,122	369,257	2,311	2,288	2,333	247,930	233,960	240,850	722,740	2,311
27.09.2022	23:38:42	368,881	368,117	369,254	2,311	2,288	2,333	247,980	234,060	240,880	722,920	2,310
27.09.2022	23:40:42	368,881	368,118	369,258	2,310	2,287	2,333	248,020	234,120	240,970	723,110	2,310
27.09.2022	23:42:42	368,882	368,118	369,253	2,310	2,287	2,333	248,090	234,180	241,040	723,310	2,310
27.09.2022	23:44:42	368,880	368,117	369,253	2,310	2,287	2,333	248,160	234,260	241,090	723,510	2,310
27.09.2022	23:46:42	368,881	368,120	369,260	2,310	2,287	2,333	248,230	234,350	241,170	723,750	2,310
27.09.2022	23:48:42	368,882	368,121	369,259	2,310	2,287	2,333	248,280	234,390	241,240	723,910	2,310
27.09.2022	23:50:42	368,882	368,124	369,264	2,310	2,287	2,333	248,350	234,460	241,330	724,140	2,310
27.09.2022	23:52:42	368,880	368,120	369,259	2,310	2,287	2,333	248,420	234,540	241,400	724,360	2,310
27.09.2022	23:54:42	368,881	368,118	369,256	2,310	2,287	2,333	248,490	234,580	241,450	724,520	2,310
27.09.2022	23:56:42	368,881	368,123	369,260	2,310	2,287	2,333	248,580	234,630	241,510	724,720	2,310
27.09.2022	23:58:42	368,881	368,121	369,259	2,310	2,287	2,333	248,620	234,750	241,590	724,960	2,310
28.09.2022	00:00:42	368,881	368,120	369,258	2,310	2,287	2,332	248,690	234,790	241,640	725,120	2,310
28.09.2022	00:02:42	368,881	368,120	369,259	2,310	2,287	2,332	248,760	234,870	241,720	725,350	2,310
28.09.2022	00:04:42	368,882	368,118	369,254	2,310	2,287	2,332	248,840	234,890	241,790	725,520	2,310
28.09.2022	00:06:42	368,878	368,117	369,254	2,310	2,287	2,332	248,870	234,990	241,830	725,690	2,309
28.09.2022	00:08:42	368,881	368,125	369,263	2,310	2,287	2,332	248,940	235,040	241,910	725,890	2,309
28.09.2022	00:10:42	368,882	368,122	369,255	2,310	2,286	2,332	249,000	235,080	241,960	726,040	2,309
28.09.2022	00:12:42	368,881	368,123	369,255	2,309	2,286	2,332	249,090	235,150	242,010	726,250	2,309
28.09.2022	00:14:42	368,881	368,124	369,255	2,309	2,286	2,332	249,090	235,230	242,080	726,400	2,309
28.09.2022	00:16:42	368,881	368,125	369,260	2,309	2,286	2,332	249,190	235,320	242,170	726,680	2,309
28.09.2022	00:18:42	368,879	368,120	369,253	2,309	2,286	2,332	249,220	235,330	242,220	726,770	2,309
28.09.2022	00:20:42	368,879	368,121	369,253	2,309	2,286	2,332	249,300	235,400	242,310	727,010	2,309
28.09.2022	00:22:42	368,879	368,124	369,258	2,309	2,286	2,332	249,400	235,450	242,360	727,210	2,309
28.09.2022	00:24:42	368,879	368,121	369,253	2,309	2,286	2,332	249,440	235,510	242,360	727,310	2,309
28.09.2022	00:26:42	368,879	368,122	369,260	2,309	2,286	2,332	249,470	235,580	242,480	727,530	2,309
28.09.2022	00:28:42	368,879	368,121	369,254	2,309	2,286	2,331	249,560	235,630	242,530	727,720	2,309
28.09.2022	00:30:42	368,876	368,118	369,253	2,309	2,286	2,331	249,580	235,690	242,600	727,870	2,309
28.09.2022	00:32:42	368,077	367,343	368,455	2,304	2,281	2,326	248,590	234,780	241,590	724,960	2,304
28.09.2022	00:34:42	368,076	367,337	368,447	2,304	2,281	2,326	248,640	234,820	241,660	725,120	2,304
28.09.2022	00:36:42	368,078	367,340	368,457	2,304	2,281	2,326	248,680	234,870	241,730	725,280	2,303
28.09.2022	00:38:42	368,077	367,336	368,448	2,304	2,281	2,326	248,740	234,940	241,770	725,450	2,303
28.09.2022	00:40:42	368,079	367,340	368,457	2,303	2,281	2,326	248,790	235,000	241,820	725,610	2,303
28.09.2022	00:42:42	368,080	367,341	368,456	2,303	2,281	2,326	248,860	235,040	241,870	725,770	2,303
28.09.2022	00:44:42	368,079	367,341	368,456	2,303	2,280	2,326	248,890	235,110	241,970	725,970	2,303
28.09.2022	00:46:42	368,078	367,338	368,452	2,303	2,280	2,326	248,980	235,200	242,010	726,190	2,303
28.09.2022	00:48:42	368,080	367,339	368,456	2,303	2,280	2,326	249,010	235,240	242,100	726,350	2,303
28.09.2022	00:50:42	368,081	367,342	368,460	2,303	2,280	2,326	249,080	235,300	242,120	726,500	2,303
28.09.2022	00:52:42	368,080	367,342	368,458	2,303	2,280	2,326	249,140	235,350	242,190	726,680	2,303
28.09.2022	00:54:42	368,077	367,337	368,452	2,303	2,280	2,325	249,180	235,390	242,250	726,820	2,303
28.09.2022	00:56:42	368,078	367,338	368,452	2,303	2,280	2,325	249,240	235,470	242,290	727,000	2,303
28.09.2022	00:58:42	368,078	367,338	368,454	2,303	2,280	2,325	249,280	235,500	242,360	727,140	2,303
28.09.2022	01:00:42	368,080	367,340	368,457	2,303	2,280	2,325	249,370	235,540	242,450	727,360	2,303
28.09.2022	01:02:42	368,078	367,337	368,454	2,303	2,280	2,325	249,380	235,630	242,500	727,510	2,303
28.09.2022	01:04:42	368,080	367,339	368,457	2,303	2,280	2,325	249,460	235,650	242,510	727,620	2,303
28.09.2022	01:06:42	368,078	367,337	368,455	2,303	2,280	2,325	249,480	235,710	242,580	727,770	2,303
28.09.2022	01:08:42	366,407	365,675	366,788	2,292	2,269	2,315	247,310	233,640	240,440	721,390	2,292
28.09.2022	01:10:42	366,407	365,672	366,783	2,292	2,270	2,314	247,350	233,690	240,490	721,530	2,292
28.09.2022	01:12:42	366,406	365,672	366,783	2,292	2,269	2,314	247,440	233,720	240,540	721,700	2,292
28.09.2022	01:14:42	366,405	365,672	366,784	2,292	2,269	2,314	247,460	233,780	240,600	721,840	2,292
28.09.2022	01:16:42	366,404	365,672	366,784	2,292	2,269	2,314	247,490	233,860	240,650	722,000	2,292
28.09.2022	01:18:42	366,405	365,672	366,785	2,292	2,269	2,314	247,530	233,890	240,730	722,150	2,292
28.09.2022	01:20:42	366,399	365,668	366,779	2,292	2,269	2,314	247,600	233,950	240,750	722,300	2,292
28.09.2022	01:22:42	366,403	365,671	366,784	2,292	2,269	2,314	247,660	234,020	240,790	722,470	2,292
28.09.2022	01:24:42	366,402	365,671	366,784	2,292	2,269	2,314	247,690	234,050	240,850	722,590	2,292
28.09.2022	01:26:42	366,403	365,671	366,783	2,292	2,269	2,314	247,750	234,080	240,920	722,750	2,292
28.09.2022	01:28:42	366,403	365,668	366,780	2,292	2,269	2,314	247,790	234,140	240,950	722,880	2,292
28.09.2022	01:30:42	366,403	365,673	366,787	2,292	2,269	2,314	247,830	234,200	241,020	723,050	2,291
28.09.2022	01:32:42	366,403	365,671	366,786	2,291	2,269	2,314	247,870	234,250	241,040	723,160	2,291
28.09.2022	01:34:42	366,404	365,670	366,783	2,291	2,269	2,314	247,950	234,240	241,100	723,290	2,291
28.09.2022	01:36:42	366,401	365,670	366,782	2,291	2,269	2,314	247,990	234,350	241,120	723,460	2,291
28.09.2022	01:38:42	366,406	365,675	366,790	2,291	2,269	2,314	248,040	234,390	241,220	723,650	2,291
28.09.2022	01:40:42	366,405	365,672	366,785	2,291	2,269	2,314	248,100	234,410	241,250	723,760	2,291
28.09.2022	01:42:42	366,405	365,670	366,784	2,291	2,269	2,314	248,150	234,490	241,280	723,920	2,291
28.09.2022	01:44:42	366,407	365,675	366,792	2,291	2,269	2,314	248,190	234,510	241,400	724,100	2,291
28.09.2022	01:46:42	366,407	365,675	366,789	2,291	2,268	2,314	248,200	234,560	241,410	724,170	2,291
28.09.2022	01:48:42	366,407	365,674	366,792	2,291	2,268	2,313	248,260	234,640	241,450	724,350	2,291
28.09.2022	01:50:42	366,407	365,674	366,792	2,291	2,268	2,314	248,300	234,690	241,540	724,530	2,291
28.09.2022	01:52:42	366,410	365,677	366,793	2,291	2,268	2,313	248,370	234,740	241,560	724,670	2,291
28.09.2022	01:54:42	366,408	365,676	366,793	2,291	2,268	2,313	248,430	234,800	241,620	724,850	2,291
28.09.2022	01:56:42	366,409	365,678	366,795	2,291	2,268	2,313	248,480	234,830	241,680	724,990	2,291
28.09.2022	01:58:42	366,411	365,678	366,794	2,291	2,268	2,313	248,500	234,850	241,730	725,080	2,291
28.09.2022	02:00:42	366,409	365,676	366,794	2,291	2,268	2,313	248,520	234,930	241,780	725,230	2,291
28.09.2022	02:02:42	366,412	365,677	366,795	2,291	2,268	2,313	248,600	234,970	241,810	725,380	2,291
28.09.2022	02:04:42	366,411	365,675	366,792	2,291	2,268	2,313	248,660	235,010	241,860	725,530	2,291
28.09.2022	02:06:42	366,411	365,677	366,792	2,291	2,268	2,313	248,710	235,040	241,910	725,660	2,291
28.09.2022	02:08:42	366,410	365,676	366,790	2,291	2,268	2,313	248,750	235,130	241,960	725,840	2,290
28.09.2022	02:10:42	366,411	365,679	366,797	2,290	2,268	2,313	248,780	235,160	242,020	725,960	2,290
28.09.2022	02:12:42	366,409	365,676	366,791	2,290	2,268	2,313	248,840	235,170	242,050	726,060	2,290
28.09.2022	02:14:42	366,410	365,680	366,795	2,290	2,268	2,313	248,870	235,240	242,090	726,200	2,290
28.09.2022	02:16:42	366,410	365,675	366,789	2,290	2,268	2,313	248,940	235,270	242,120	726,330	2,290
28.09.2022	02:18:42	366,406	365,675	366,791	2,290	2,268	2,313	248,970	235,320	242,170	726,460	2,290
28.09.2022	02:20:42	366,408	365,674	366,787	2,290	2,268	2,313	248,980	235,360	242,210	726,550	2,290
28.09.2022	02:22:42	366,406	365,672	366,786	2,290	2,268	2,313	249,040	235,400	242,250	726,690	2,290
28.09.2022	02:24:42	366,405	365,672	366,786	2,290	2,268	2,312	249,090	235,430	242,310	726,830	2,290
28.09.2022	02:26:42	366,405	365,674	366,789	2,290	2,268	2,312	249,140	235,480	242,340	726,960	2,290
28.09.2022	02:28:42	366,403	365,670	366,787	2,290	2,268	2,312	249,170	235,550	242,390	727,110	2,290
28.09.2022	02:30:42	366,405	365,673	366,790	2,290	2,267	2,312	249,240	235,580	242,440	727,260	2,290
28.09.2022	02:32:42	366,403	365,671	366,788	2,290	2,267	2,312	249,220	235,630	242,470	727,320	2,290
28.09.2022	02:34:42	366,403	365,668	366,780	2,290	2,267	2,312	249,300	235,660	242,500	727,460	2,290
28.09.2022	02:36:42	366,402	365,667	366,782	2,290	2,267	2,312	249,330	235,690	242,560	727,580	2,290
28.09.2022	02:38:42	366,399	365,668	366,786	2,290	2,267	2,312	249,350	235,750	242,600	727,700	2,290
28.09.2022	02:40:42	366,400	365,665	366,779	2,290	2,267	2,312	249,420	235,790	242,640	727,850	2,290
28.09.2022	02:42:42	365,574	364,838	365,952	2,284	2,262	2,307	248,350	234,740	241,600	724,690	2,284
28.09.2022	02:44:42	365,573	364,836	365,953	2,284	2,262	2,307	248,350	234,800	241,620	724,770	2,284
28.09.2022	02:46:42	365,572	364,837	365,951	2,284	2,262	2,307	248,390	234,830	241,670	724,890	2,284
28.09.2022	02:48:42	365,573	364,839	365,958	2,284	2,262	2,307	248,450	234,880	241,770	725,100	2,284
28.09.2022	02:50:42	365,572	364,840	365,955	2,284	2,262	2,307	248,470	234,910	241,770	725,150	2,284
28.09.2022	02:52:42	365,572	364,836	365,953	2,284	2,262	2,307	248,510	234,940	241,790	725,240	2,284
28.09.2022	02:54:42	365,572	364,838	365,956	2,284	2,262	2,307	248,550	234,980	241,840	725,370	2,284
28.09.2022	02:56:42	365,571	364,836	365,952	2,284	2,262	2,307	248,580	235,040	241,870	725,490	2,284
28.09.2022	02:58:42	365,572	364,841	365,957	2,284	2,262	2,306	248,620	235,080	241,920	725,620	2,284
28.09.2022	03:00:42	365,571	364,836	365,950	2,284	2,262	2,306	248,680	235,110	241,950	725,740	2,284
28.09.2022	03:02:42	365,571	364,840	365,957	2,284	2,262	2,306	248,740	235,140	242,030	725,910	2,284
28.09.2022	03:04:42	365,573	364,835	365,951	2,284	2,262	2,306	248,770	235,210	242,010	725,990	2,284
28.09.2022	03:06:42	365,571	364,836	365,953	2,284	2,262	2,306	248,800	235,240	242,090	726,130	2,284
28.09.2022	03:08:42	365,574	364,839	365,959	2,284	2,262	2,306	248,850	235,260	242,150	726,260	2,284
28.09.2022	03:10:42	365,573	364,838	365,957	2,284	2,261	2,306	248,860	235,320	242,190	726,370	2,284
28.09.2022	03:12:42	365,576	364,841	365,957	2,284	2,261	2,306	248,940	235,330	242,230	726,500	2,284
28.09.2022	03:14:42	365,574	364,839	365,957	2,284	2,261	2,306	248,960	235,390	242,240	726,590	2,284
28.09.2022	03:16:42	365,576	364,839	365,958	2,284	2,261	2,306	249,000	235,450	242,310	726,760	2,284
28.09.2022	03:18:42	365,578	364,840	365,957	2,284	2,261	2,306	249,050	235,450	242,310	726,810	2,284
28.09.2022	03:20:42	365,579	364,845	365,961	2,284	2,261	2,306	249,050	235,500	242,380	726,930	2,284
28.09.2022	03:22:42	365,579	364,845	365,963	2,284	2,261	2,306	249,120	235,540	242,430	727,090	2,284
28.09.2022	03:24:42	365,577	364,846	365,964	2,284	2,261	2,306	249,150	235,590	242,490	727,230	2,284
28.09.2022	03:26:42	365,578	364,840	365,957	2,283	2,261	2,306	249,170	235,620	242,490	727,280	2,283
28.09.2022	03:28:42	365,581	364,846	365,965	2,283	2,261	2,306	249,230	235,650	242,540	727,420	2,283
28.09.2022	03:30:42	365,578	364,843	365,963	2,284	2,261	2,306	249,250	235,670	242,590	727,510	2,283
28.09.2022	03:32:42	365,582	364,845	365,960	2,283	2,261	2,306	249,330	235,730	242,620	727,680	2,283
28.09.2022	03:34:42	365,580	364,844	365,958	2,283	2,261	2,306	249,370	235,770	242,640	727,780	2,283
28.09.2022	03:36:42	365,581	364,843	365,961	2,283	2,261	2,306	249,380	235,820	242,690	727,890	2,283
28.09.2022	03:38:42	364,780	364,065	365,160	2,278	2,256	2,301	248,330	234,830	241,660	724,820	2,278
28.09.2022	03:40:42	364,779	364,065	365,161	2,278	2,256	2,301	248,340	234,890	241,720	724,950	2,278
28.09.2022	03:42:42	364,780	364,064	365,160	2,278	2,256	2,301	248,420	234,910	241,740	725,070	2,278
28.09.2022	03:44:42	364,779	364,064	365,156	2,278	2,256	2,301	248,410	234,940	241,750	725,100	2,278
28.09.2022	03:46:42	364,778	364,065	365,160	2,278	2,256	2,300	248,440	234,970	241,800	725,210	2,278
28.09.2022	03:48:42	364,778	364,062	365,157	2,278	2,256	2,300	248,480	235,010	241,860	725,350	2,278
28.09.2022	03:50:42	364,779	364,063	365,157	2,278	2,256	2,300	248,540	235,020	241,870	725,430	2,278
28.09.2022	03:52:42	364,778	364,061	365,156	2,278	2,256	2,300	248,540	235,070	241,890	725,500	2,278
28.09.2022	03:54:42	364,774	364,060	365,151	2,278	2,256	2,300	248,570	235,070	241,930	725,570	2,278
28.09.2022	03:56:42	364,775	364,059	365,148	2,278	2,256	2,300	248,640	235,120	241,960	725,720	2,278
28.09.2022	03:58:42	364,774	364,060	365,153	2,278	2,256	2,300	248,640	235,170	242,060	725,870	2,278
28.09.2022	04:00:42	364,772	364,057	365,152	2,278	2,256	2,300	248,710	235,200	242,060	725,970	2,278
28.09.2022	04:02:42	364,772	364,056	365,147	2,278	2,256	2,300	248,700	235,250	242,060	726,010	2,278
28.09.2022	04:04:42	364,768	364,055	365,144	2,278	2,256	2,300	248,740	235,270	242,100	726,110	2,278
28.09.2022	04:06:42	364,771	364,056	365,149	2,278	2,255	2,300	248,770	235,290	242,140	726,200	2,278
28.09.2022	04:08:42	364,770	364,056	365,143	2,278	2,255	2,300	248,810	235,370	242,170	726,350	2,278
28.09.2022	04:10:42	364,769	364,055	365,147	2,278	2,255	2,300	248,830	235,350	242,210	726,390	2,278
28.09.2022	04:12:42	364,768	364,053	365,145	2,278	2,255	2,300	248,890	235,400	242,240	726,530	2,278
28.09.2022	04:14:42	364,767	364,053	365,143	2,277	2,255	2,300	248,910	235,440	242,260	726,610	2,278
28.09.2022	04:16:42	364,767	364,053	365,144	2,277	2,255	2,300	248,930	235,480	242,320	726,730	2,278
28.09.2022	04:18:42	364,768	364,054	365,145	2,277	2,255	2,300	248,980	235,510	242,370	726,860	2,278
28.09.2022	04:20:42	364,770	364,056	365,145	2,277	2,255	2,300	249,000	235,500	242,380	726,880	2,277
28.09.2022	04:22:42	364,770	364,062	365,149	2,277	2,255	2,300	249,030	235,570	242,400	727,000	2,277
28.09.2022	04:24:42	364,767	364,055	365,147	2,277	2,255	2,300	249,060	235,610	242,440	727,110	2,277
28.09.2022	04:26:42	364,767	364,056	365,145	2,277	2,255	2,300	249,080	235,610	242,480	727,170	2,277
28.09.2022	04:28:42	364,769	364,060	365,150	2,277	2,255	2,300	249,110	235,650	242,530	727,290	2,277
28.09.2022	04:30:42	364,766	364,053	365,142	2,277	2,255	2,300	249,140	235,690	242,520	727,350	2,277
28.09.2022	04:32:42	364,766	364,057	365,147	2,277	2,255	2,299	249,160	235,690	242,560	727,410	2,277
28.09.2022	04:34:42	364,767	364,055	365,141	2,277	2,255	2,299	249,220	235,750	242,560	727,530	2,277
28.09.2022	04:36:42	364,767	364,055	365,146	2,277	2,255	2,300	249,250	235,790	242,640	727,680	2,277
28.09.2022	04:38:42	364,766	364,058	365,145	2,277	2,255	2,299	249,260	235,820	242,680	727,760	2,277
28.09.2022	04:40:42	364,766	364,055	365,142	2,277	2,255	2,299	249,310	235,810	242,710	727,830	2,277
28.09.2022	04:42:42	364,765	364,054	365,139	2,277	2,255	2,299	249,350	235,880	242,710	727,940	2,277
28.09.2022	04:44:42	363,092	362,361	363,460	2,266	2,244	2,289	247,090	233,730	240,520	721,340	2,266
28.09.2022	04:46:42	363,091	362,365	363,466	2,266	2,244	2,289	247,090	233,750	240,570	721,410	2,266
28.09.2022	04:48:42	363,091	362,363	363,463	2,266	2,244	2,289	247,130	233,720	240,570	721,420	2,266
28.09.2022	04:50:42	363,089	362,363	363,463	2,266	2,244	2,289	247,140	233,770	240,610	721,520	2,266
28.09.2022	04:52:42	363,091	362,365	363,469	2,266	2,244	2,289	247,150	233,810	240,620	721,580	2,266
28.09.2022	04:54:42	363,091	362,359	363,460	2,266	2,244	2,289	247,180	233,830	240,660	721,670	2,266
28.09.2022	04:56:42	363,091	362,360	363,459	2,266	2,244	2,289	247,240	233,850	240,680	721,770	2,266
28.09.2022	04:58:42	363,089	362,366	363,466	2,266	2,244	2,289	247,260	233,900	240,740	721,900	2,266
28.09.2022	05:00:42	363,090	362,360	363,460	2,266	2,244	2,288	247,280	233,920	240,750	721,950	2,266
28.09.2022	05:02:42	363,090	362,367	363,467	2,266	2,244	2,288	247,320	233,950	240,770	722,040	2,266
28.09.2022	05:04:42	363,090	362,364	363,464	2,266	2,244	2,288	247,320	234,000	240,790	722,110	2,266
28.09.2022	05:06:42	363,092	362,366	363,468	2,266	2,244	2,288	247,330	233,990	240,850	722,170	2,266
28.09.2022	05:08:42	363,089	362,363	363,460	2,266	2,244	2,288	247,390	234,010	240,870	722,270	2,266
28.09.2022	05:10:42	363,089	362,364	363,467	2,266	2,244	2,288	247,430	234,030	240,880	722,340	2,266
28.09.2022	05:12:42	363,088	362,360	363,464	2,266	2,244	2,288	247,480	234,090	240,930	722,500	2,266
28.09.2022	05:14:42	363,090	362,365	363,464	2,266	2,244	2,288	247,450	234,080	240,960	722,490	2,266
28.09.2022	05:16:42	363,090	362,366	363,467	2,266	2,244	2,288	247,480	234,150	240,970	722,600	2,266
28.09.2022	05:18:42	363,089	362,366	363,467	2,266	2,244	2,288	247,520	234,150	240,990	722,660	2,266
28.09.2022	05:20:42	363,089	362,366	363,469	2,266	2,244	2,288	247,540	234,170	241,030	722,740	2,266
28.09.2022	05:22:42	363,088	362,364	363,463	2,266	2,244	2,288	247,560	234,230	241,020	722,810	2,266
28.09.2022	05:24:42	363,089	362,363	363,462	2,266	2,244	2,288	247,610	234,230	241,040	722,880	2,266
28.09.2022	05:26:42	363,089	362,363	363,466	2,266	2,244	2,288	247,580	234,250	241,110	722,940	2,266
28.09.2022	05:28:42	363,087	362,361	363,463	2,266	2,244	2,288	247,620	234,300	241,130	723,050	2,266
28.09.2022	05:30:42	363,088	362,364	363,465	2,266	2,244	2,288	247,660	234,310	241,130	723,100	2,266
28.09.2022	05:32:42	363,087	362,366	363,468	2,266	2,244	2,288	247,670	234,320	241,180	723,170	2,266
28.09.2022	05:34:42	363,086	362,360	363,461	2,266	2,244	2,288	247,740	234,340	241,170	723,250	2,266
28.09.2022	05:36:42	363,086	362,361	363,462	2,266	2,244	2,288	247,760	234,350	241,240	723,350	2,266
28.09.2022	05:38:42	363,086	362,362	363,463	2,266	2,244	2,288	247,760	234,410	241,260	723,430	2,266
28.09.2022	05:40:42	363,084	362,362	363,465	2,266	2,244	2,288	247,780	234,450	241,270	723,500	2,266
28.09.2022	05:42:42	363,087	362,364	363,467	2,266	2,243	2,288	247,810	234,450	241,330	723,590	2,266
28.09.2022	05:44:42	363,088	362,368	363,470	2,265	2,244	2,288	247,830	234,530	241,350	723,710	2,266
28.09.2022	05:46:42	363,086	362,364	363,465	2,266	2,244	2,288	247,880	234,510	241,320	723,710	2,266
28.09.2022	05:48:42	363,090	362,366	363,469	2,265	2,244	2,288	247,890	234,560	241,400	723,850	2,266
28.09.2022	05:50:42	363,087	362,364	363,464	2,265	2,243	2,288	247,920	234,590	241,390	723,900	2,266
28.09.2022	05:52:42	363,087	362,366	363,466	2,266	2,243	2,288	247,960	234,560	241,420	723,940	2,266
28.09.2022	05:54:42	363,089	362,365	363,468	2,265	2,243	2,288	247,950	234,620	241,450	724,020	2,265
28.09.2022	05:56:42	363,091	362,371	363,473	2,265	2,243	2,288	247,990	234,640	241,510	724,140	2,265
28.09.2022	05:58:42	363,092	362,368	363,469	2,265	2,243	2,288	248,020	234,700	241,500	724,220	2,265
28.09.2022	06:00:42	363,091	362,371	363,477	2,265	2,243	2,288	248,020	234,710	241,570	724,300	2,265
28.09.2022	06:02:42	363,094	362,369	363,471	2,265	2,243	2,288	248,090	234,710	241,570	724,370	2,265
28.09.2022	06:04:42	363,094	362,372	363,474	2,265	2,243	2,288	248,110	234,760	241,590	724,460	2,265
28.09.2022	06:06:42	363,098	362,375	363,478	2,265	2,243	2,288	248,140	234,800	241,610	724,550	2,265
28.09.2022	06:08:42	363,095	362,370	363,476	2,265	2,243	2,288	248,150	234,770	241,650	724,570	2,265
28.09.2022	06:10:42	363,094	362,371	363,474	2,265	2,243	2,288	248,190	234,820	241,660	724,670	2,265
28.09.2022	06:12:42	363,097	362,369	363,475	2,265	2,243	2,288	248,200	234,830	241,710	724,740	2,265
28.09.2022	06:14:42	363,097	362,373	363,482	2,265	2,243	2,287	248,240	234,840	241,740	724,820	2,265
28.09.2022	06:16:42	363,100	362,371	363,479	2,265	2,243	2,288	248,250	234,890	241,750	724,890	2,265
28.09.2022	06:18:42	363,101	362,376	363,479	2,265	2,243	2,287	248,270	234,920	241,770	724,960	2,265
28.09.2022	06:20:42	363,100	362,374	363,478	2,265	2,243	2,287	248,290	234,930	241,780	725,000	2,265
28.09.2022	06:22:42	363,101	362,378	363,482	2,265	2,243	2,287	248,310	234,950	241,820	725,080	2,265
28.09.2022	06:24:42	363,099	362,373	363,478	2,265	2,243	2,287	248,330	234,990	241,820	725,140	2,265
28.09.2022	06:26:42	363,102	362,377	363,485	2,265	2,243	2,287	248,380	235,020	241,880	725,280	2,265
28.09.2022	06:28:42	363,101	362,374	363,479	2,265	2,243	2,287	248,410	235,020	241,920	725,350	2,265
28.09.2022	06:30:42	363,101	362,372	363,478	2,265	2,243	2,287	248,390	235,050	241,920	725,360	2,265
28.09.2022	06:32:42	363,101	362,373	363,477	2,265	2,243	2,287	248,440	235,070	241,950	725,460	2,265
28.09.2022	06:34:42	363,101	362,376	363,484	2,265	2,243	2,287	248,460	235,080	241,980	725,520	2,265
28.09.2022	06:36:42	363,105	362,379	363,483	2,265	2,243	2,287	248,480	235,130	242,030	725,640	2,265
28.09.2022	06:38:42	363,104	362,377	363,486	2,265	2,243	2,287	248,480	235,160	242,010	725,650	2,265
28.09.2022	06:40:42	363,103	362,374	363,480	2,265	2,243	2,287	248,510	235,160	242,010	725,680	2,265
28.09.2022	06:42:42	363,105	362,374	363,480	2,265	2,243	2,287	248,530	235,180	242,060	725,770	2,265
28.09.2022	06:44:42	363,104	362,374	363,480	2,265	2,243	2,287	248,550	235,190	242,080	725,820	2,265
28.09.2022	06:46:42	363,102	362,374	363,479	2,265	2,243	2,287	248,580	235,210	242,080	725,870	2,265
28.09.2022	06:48:42	363,103	362,376	363,482	2,265	2,243	2,287	248,610	235,250	242,100	725,960	2,265
28.09.2022	06:50:42	363,105	362,379	363,485	2,265	2,243	2,287	248,620	235,250	242,140	726,010	2,265
28.09.2022	06:52:42	363,105	362,379	363,485	2,265	2,243	2,287	248,640	235,280	242,190	726,110	2,265
28.09.2022	06:54:42	363,108	362,381	363,487	2,265	2,243	2,287	248,660	235,290	242,180	726,130	2,265
28.09.2022	06:56:42	363,106	362,380	363,488	2,265	2,243	2,287	248,670	235,310	242,230	726,210	2,265
28.09.2022	06:58:42	363,105	362,376	363,480	2,265	2,243	2,287	248,700	235,340	242,190	726,230	2,265
28.09.2022	07:00:42	363,106	362,377	363,484	2,265	2,243	2,287	248,740	235,380	242,230	726,350	2,265
28.09.2022	07:02:42	363,106	362,380	363,485	2,265	2,243	2,287	248,730	235,380	242,270	726,380	2,265
28.09.2022	07:04:42	363,108	362,383	363,488	2,265	2,243	2,287	248,760	235,410	242,280	726,450	2,265
28.09.2022	07:06:42	363,107	362,386	363,486	2,265	2,243	2,287	248,790	235,410	242,300	726,500	2,265
28.09.2022	07:08:42	363,107	362,379	363,479	2,265	2,243	2,287	248,790	235,430	242,290	726,510	2,265
28.09.2022	07:10:42	363,110	362,383	363,482	2,265	2,243	2,287	248,830	235,480	242,320	726,630	2,265
28.09.2022	07:12:42	363,108	362,380	363,484	2,265	2,243	2,287	248,850	235,500	242,380	726,730	2,265
28.09.2022	07:14:42	363,103	362,374	363,477	2,265	2,242	2,287	248,850	235,480	242,350	726,680	2,265
28.09.2022	07:16:42	363,106	362,375	363,478	2,265	2,243	2,287	248,860	235,500	242,360	726,720	2,265
28.09.2022	07:18:42	363,107	362,375	363,482	2,265	2,242	2,287	248,860	235,510	242,400	726,770	2,265
28.09.2022	07:20:42	363,105	362,378	363,484	2,265	2,242	2,287	248,890	235,540	242,420	726,850	2,265
28.09.2022	07:22:42	363,107	362,378	363,484	2,264	2,242	2,287	248,890	235,560	242,460	726,910	2,265
28.09.2022	07:24:42	363,104	362,374	363,479	2,265	2,242	2,287	248,940	235,600	242,460	727,000	2,265
28.09.2022	07:26:42	363,105	362,374	363,477	2,264	2,242	2,287	248,950	235,620	242,490	727,060	2,265
28.09.2022	07:28:42	363,108	362,380	363,484	2,265	2,242	2,287	248,980	235,610	242,530	727,120	2,265
28.09.2022	07:30:42	363,106	362,377	363,478	2,264	2,242	2,287	248,990	235,620	242,500	727,110	2,264
28.09.2022	07:32:42	363,108	362,378	363,478	2,264	2,242	2,286	249,020	235,680	242,530	727,230	2,264
28.09.2022	07:34:42	363,105	362,378	363,476	2,264	2,242	2,287	249,040	235,680	242,500	727,220	2,264
28.09.2022	07:36:42	363,106	362,377	363,479	2,264	2,242	2,287	249,020	235,680	242,560	727,260	2,264
28.09.2022	07:38:42	363,108	362,380	363,481	2,264	2,242	2,287	249,080	235,730	242,580	727,390	2,264
28.09.2022	07:40:42	363,107	362,378	363,479	2,264	2,242	2,287	249,070	235,730	242,580	727,380	2,264
28.09.2022	07:42:42	363,106	362,380	363,483	2,264	2,242	2,286	249,080	235,740	242,600	727,420	2,264
28.09.2022	07:44:42	363,108	362,379	363,479	2,264	2,242	2,286	249,100	235,740	242,610	727,450	2,264
28.09.2022	07:46:42	363,106	362,374	363,478	2,264	2,242	2,286	249,110	235,760	242,640	727,510	2,264
28.09.2022	07:48:42	363,106	362,377	363,483	2,264	2,242	2,286	249,140	235,800	242,660	727,600	2,264
28.09.2022	07:50:42	363,107	362,379	363,483	2,264	2,242	2,287	249,150	235,810	242,730	727,690	2,264
28.09.2022	07:52:42	363,107	362,374	363,478	2,264	2,242	2,286	249,190	235,800	242,690	727,680	2,264
28.09.2022	07:54:42	363,105	362,375	363,476	2,264	2,242	2,286	249,190	235,840	242,710	727,740	2,264
28.09.2022	07:56:42	363,106	362,376	363,477	2,264	2,242	2,286	249,210	235,860	242,730	727,800	2,264
28.09.2022	07:58:42	363,107	362,375	363,478	2,264	2,242	2,286	249,220	235,870	242,770	727,860	2,264
28.09.2022	08:00:42	363,108	362,379	363,485	2,264	2,242	2,286	249,220	235,910	242,780	727,910	2,264
28.09.2022	08:02:42	362,281	361,555	362,657	2,259	2,237	2,281	248,120	234,830	241,710	724,660	2,259
28.09.2022	08:04:42	362,280	361,555	362,661	2,259	2,237	2,281	248,150	234,850	241,710	724,710	2,259
28.09.2022	08:06:42	362,279	361,551	362,655	2,259	2,237	2,281	248,150	234,850	241,730	724,730	2,259
28.09.2022	08:08:42	362,279	361,552	362,651	2,259	2,237	2,281	248,150	234,870	241,690	724,710	2,259
28.09.2022	08:10:42	362,279	361,553	362,656	2,259	2,237	2,281	248,180	234,890	241,760	724,830	2,259
28.09.2022	08:12:42	362,278	361,552	362,656	2,259	2,237	2,281	248,180	234,880	241,780	724,840	2,259
28.09.2022	08:14:42	362,279	361,553	362,657	2,259	2,237	2,281	248,220	234,920	241,790	724,930	2,259
28.09.2022	08:16:42	362,279	361,552	362,653	2,259	2,237	2,281	248,220	234,950	241,790	724,960	2,259
28.09.2022	08:18:42	362,281	361,554	362,657	2,259	2,237	2,281	248,240	234,940	241,820	725,000	2,259
28.09.2022	08:20:42	362,279	361,554	362,654	2,259	2,237	2,281	248,250	234,940	241,820	725,010	2,259
28.09.2022	08:22:42	362,282	361,558	362,656	2,259	2,237	2,281	248,280	234,980	241,850	725,110	2,259
28.09.2022	08:24:42	362,280	361,556	362,656	2,259	2,237	2,281	248,300	234,980	241,840	725,120	2,259
28.09.2022	08:26:42	362,279	361,559	362,659	2,259	2,237	2,281	248,310	234,990	241,910	725,210	2,259
28.09.2022	08:28:42	362,280	361,556	362,653	2,259	2,237	2,281	248,270	235,000	241,890	725,160	2,259
28.09.2022	08:30:42	362,280	361,556	362,656	2,259	2,237	2,281	248,310	235,040	241,910	725,260	2,259
28.09.2022	08:32:42	362,279	361,556	362,651	2,259	2,237	2,281	248,320	235,030	241,920	725,270	2,259
28.09.2022	08:34:42	362,281	361,559	362,660	2,259	2,237	2,281	248,350	235,070	241,920	725,340	2,259
28.09.2022	08:36:42	362,282	361,559	362,656	2,259	2,237	2,281	248,350	235,110	241,940	725,400	2,259
28.09.2022	08:38:42	362,281	361,558	362,655	2,259	2,237	2,281	248,390	235,080	241,940	725,410	2,259
28.09.2022	08:40:42	362,280	361,555	362,651	2,259	2,237	2,281	248,380	235,090	241,950	725,420	2,259
28.09.2022	08:42:42	362,280	361,557	362,657	2,259	2,237	2,281	248,410	235,100	241,990	725,500	2,259
28.09.2022	08:44:42	362,279	361,553	362,655	2,259	2,237	2,281	248,370	235,110	242,000	725,480	2,259
28.09.2022	08:46:42	362,283	361,557	362,654	2,259	2,237	2,281	248,440	235,150	242,010	725,600	2,259
28.09.2022	08:48:42	362,283	361,557	362,657	2,259	2,237	2,281	248,470	235,150	242,040	725,660	2,259
28.09.2022	08:50:42	362,282	361,558	362,659	2,259	2,237	2,281	248,450	235,190	242,060	725,700	2,259
28.09.2022	08:52:42	362,284	361,557	362,653	2,259	2,237	2,281	248,470	235,180	242,050	725,700	2,259
28.09.2022	08:54:42	362,281	361,555	362,654	2,259	2,237	2,281	248,490	235,200	242,070	725,760	2,259
28.09.2022	08:56:42	362,281	361,551	362,650	2,259	2,237	2,281	248,500	235,170	242,060	725,730	2,259
28.09.2022	08:58:42	362,284	361,557	362,654	2,259	2,237	2,281	248,520	235,210	242,110	725,840	2,259
28.09.2022	09:00:42	362,282	361,553	362,649	2,259	2,237	2,281	248,540	235,230	242,070	725,840	2,259
28.09.2022	09:02:42	362,281	361,553	362,651	2,259	2,237	2,281	248,540	235,230	242,120	725,890	2,259
28.09.2022	09:04:42	362,283	361,552	362,654	2,259	2,236	2,281	248,560	235,230	242,130	725,920	2,259
28.09.2022	09:06:42	362,284	361,550	362,654	2,259	2,236	2,281	248,560	235,260	242,130	725,950	2,259
28.09.2022	09:08:42	362,281	361,552	362,656	2,258	2,236	2,281	248,590	235,290	242,170	726,050	2,259
28.09.2022	09:10:43	362,282	361,548	362,653	2,258	2,236	2,281	248,600	235,320	242,170	726,090	2,259
28.09.2022	09:12:44	362,284	361,554	362,656	2,259	2,236	2,281	248,640	235,290	242,170	726,100	2,258
28.09.2022	09:14:44	362,282	361,551	362,659	2,258	2,236	2,281	248,610	235,360	242,230	726,200	2,258
28.09.2022	09:16:44	362,283	361,552	362,654	2,258	2,236	2,280	248,660	235,350	242,180	726,190	2,258
28.09.2022	09:18:44	362,284	361,551	362,656	2,258	2,236	2,281	248,660	235,380	242,230	726,270	2,258
28.09.2022	09:20:44	362,286	361,556	362,659	2,258	2,236	2,281	248,680	235,360	242,260	726,300	2,258
28.09.2022	09:22:44	362,284	361,554	362,656	2,258	2,236	2,280	248,700	235,380	242,280	726,360	2,258
28.09.2022	09:24:44	362,283	361,549	362,653	2,258	2,236	2,280	248,700	235,390	242,280	726,370	2,258
28.09.2022	09:26:44	362,283	361,554	362,657	2,258	2,236	2,281	248,700	235,430	242,300	726,430	2,258
28.09.2022	09:28:44	362,286	361,553	362,655	2,258	2,236	2,280	248,740	235,410	242,310	726,460	2,258
28.09.2022	09:30:44	362,284	361,553	362,660	2,258	2,236	2,280	248,720	235,430	242,360	726,510	2,258
28.09.2022	09:32:44	362,282	361,550	362,652	2,258	2,236	2,280	248,750	235,480	242,330	726,560	2,258
28.09.2022	09:34:44	362,283	361,549	362,652	2,258	2,236	2,280	248,760	235,470	242,310	726,540	2,258
28.09.2022	09:36:44	362,282	361,550	362,652	2,258	2,236	2,280	248,810	235,480	242,360	726,650	2,258
28.09.2022	09:38:44	362,284	361,553	362,655	2,258	2,236	2,280	248,810	235,490	242,390	726,690	2,258
28.09.2022	09:40:44	362,284	361,552	362,656	2,258	2,236	2,280	248,800	235,500	242,390	726,690	2,258
28.09.2022	09:42:44	362,284	361,550	362,657	2,258	2,236	2,280	248,810	235,520	242,390	726,720	2,258
28.09.2022	09:44:44	362,282	361,548	362,650	2,258	2,236	2,280	248,830	235,560	242,410	726,800	2,258
28.09.2022	09:46:44	362,283	361,547	362,650	2,258	2,236	2,280	248,850	235,540	242,440	726,830	2,258
28.09.2022	09:48:44	362,281	361,545	362,651	2,258	2,236	2,280	248,860	235,570	242,430	726,860	2,258
28.09.2022	09:50:44	362,282	361,544	362,650	2,258	2,236	2,280	248,860	235,570	242,450	726,880	2,258
28.09.2022	09:52:44	362,283	361,545	362,651	2,258	2,236	2,280	248,900	235,560	242,470	726,930	2,258
28.09.2022	09:54:44	362,283	361,549	362,654	2,258	2,236	2,280	248,870	235,580	242,480	726,930	2,258
28.09.2022	09:56:44	362,285	361,548	362,654	2,258	2,236	2,280	248,910	235,610	242,480	727,000	2,258
28.09.2022	09:58:44	362,281	361,546	362,654	2,258	2,236	2,280	248,910	235,620	242,520	727,050	2,258
28.09.2022	10:00:44	362,286	361,544	362,653	2,258	2,236	2,280	248,950	235,640	242,540	727,130	2,258
28.09.2022	10:02:44	362,283	361,546	362,655	2,258	2,236	2,280	248,940	235,650	242,540	727,130	2,258
28.09.2022	10:04:44	362,285	361,545	362,649	2,258	2,236	2,280	248,960	235,660	242,540	727,160	2,258
28.09.2022	10:06:44	362,285	361,544	362,652	2,258	2,236	2,280	248,970	235,700	242,560	727,230	2,258
28.09.2022	10:08:44	362,285	361,547	362,653	2,258	2,236	2,280	248,990	235,670	242,600	727,260	2,258
28.09.2022	10:10:44	362,284	361,542	362,649	2,258	2,236	2,280	249,010	235,720	242,580	727,310	2,258
28.09.2022	10:12:44	362,283	361,543	362,650	2,258	2,236	2,280	249,020	235,730	242,580	727,330	2,258
28.09.2022	10:14:44	362,286	361,544	362,649	2,258	2,236	2,280	249,040	235,760	242,600	727,400	2,258
28.09.2022	10:16:44	362,287	361,548	362,652	2,258	2,236	2,280	249,040	235,760	242,650	727,450	2,258
28.09.2022	10:18:44	362,286	361,546	362,652	2,258	2,236	2,280	249,070	235,740	242,650	727,460	2,258
28.09.2022	10:20:44	362,288	361,551	362,655	2,258	2,236	2,280	249,080	235,770	242,700	727,550	2,258
28.09.2022	10:22:44	362,290	361,553	362,655	2,258	2,236	2,280	249,100	235,780	242,680	727,560	2,258
28.09.2022	10:24:44	362,290	361,552	362,657	2,258	2,236	2,280	249,120	235,810	242,720	727,650	2,258
28.09.2022	10:26:44	326,674	326,022	326,940	2,036	2,016	2,056	202,590	191,760	197,240	591,590	2,036
28.09.2022	10:28:44	326,670	326,018	326,935	2,036	2,016	2,056	202,510	191,700	197,200	591,410	2,036
28.09.2022	10:30:44	326,672	326,022	326,944	2,036	2,016	2,056	202,470	191,670	197,220	591,360	2,036
28.09.2022	10:32:44	326,670	326,019	326,939	2,036	2,016	2,056	202,440	191,650	197,110	591,200	2,036
28.09.2022	10:34:44	326,670	326,018	326,934	2,036	2,016	2,056	202,420	191,600	197,090	591,110	2,036
28.09.2022	10:36:44	326,671	326,022	326,940	2,036	2,016	2,056	202,370	191,540	197,060	590,970	2,036
28.09.2022	10:38:44	326,672	326,023	326,941	2,036	2,017	2,056	202,350	191,530	197,030	590,910	2,036
28.09.2022	10:40:44	326,671	326,023	326,943	2,036	2,017	2,056	202,290	191,500	197,020	590,810	2,036
28.09.2022	10:42:44	326,671	326,020	326,938	2,036	2,017	2,056	202,270	191,500	196,940	590,710	2,036
28.09.2022	10:44:44	326,672	326,023	326,943	2,037	2,017	2,056	202,260	191,440	196,970	590,670	2,036
28.09.2022	10:46:44	326,671	326,021	326,936	2,037	2,017	2,056	202,240	191,430	196,890	590,560	2,036
28.09.2022	10:48:44	326,671	326,021	326,937	2,037	2,017	2,056	202,200	191,430	196,900	590,530	2,036
28.09.2022	10:50:44	326,672	326,022	326,939	2,037	2,017	2,056	202,210	191,360	196,900	590,470	2,036
28.09.2022	10:52:44	326,672	326,022	326,941	2,037	2,017	2,056	202,180	191,360	196,890	590,430	2,037
28.09.2022	10:54:44	326,672	326,019	326,935	2,037	2,017	2,056	202,170	191,360	196,860	590,390	2,037
28.09.2022	10:56:44	326,673	326,024	326,942	2,037	2,017	2,056	202,160	191,350	196,860	590,370	2,037
28.09.2022	10:58:44	326,671	326,021	326,940	2,037	2,017	2,056	202,160	191,320	196,840	590,320	2,037
28.09.2022	11:00:44	326,671	326,021	326,940	2,037	2,017	2,056	202,150	191,320	196,830	590,300	2,037
28.09.2022	11:02:44	326,671	326,021	326,940	2,037	2,017	2,056	202,120	191,310	196,800	590,230	2,037
28.09.2022	11:04:44	326,672	326,022	326,937	2,037	2,017	2,056	202,090	191,290	196,770	590,150	2,037
28.09.2022	11:06:44	326,672	326,022	326,935	2,037	2,017	2,056	202,070	191,270	196,770	590,110	2,037
28.09.2022	11:08:44	326,672	326,021	326,936	2,037	2,017	2,056	202,070	191,280	196,750	590,100	2,037
28.09.2022	11:10:44	326,669	326,018	326,935	2,037	2,017	2,056	202,070	191,260	196,760	590,090	2,037
28.09.2022	11:12:44	326,670	326,021	326,940	2,037	2,017	2,056	202,040	191,230	196,750	590,020	2,037
28.09.2022	11:14:44	326,670	326,019	326,936	2,037	2,017	2,056	202,070	191,260	196,750	590,080	2,037
28.09.2022	11:16:44	326,672	326,022	326,936	2,037	2,017	2,056	202,030	191,240	196,720	589,990	2,037
28.09.2022	11:18:44	326,672	326,019	326,935	2,037	2,017	2,056	202,050	191,230	196,700	589,980	2,037
28.09.2022	11:20:44	326,671	326,019	326,935	2,037	2,017	2,056	202,000	191,220	196,700	589,920	2,037
28.09.2022	11:22:44	326,671	326,019	326,940	2,037	2,017	2,056	202,010	191,210	196,710	589,930	2,037
28.09.2022	11:24:44	326,670	326,019	326,934	2,037	2,017	2,056	202,000	191,210	196,690	589,900	2,037
